RootBone: 37
BoneCount: 101
BoneName: mixamorig:Hips
BoneIndex: 0
BoneParentIndex: 37
BoneChildrenCount: 3
39
79
90
1.000000 0.000000 -0.000000 0.000000
0.000000 1.000000 -0.000000 0.000000
-0.000000 -0.000000 1.000000 -0.000000
0.000000 0.925549 -0.045525 1.000000
1.000000 -0.000002 0.000000 0.000000
0.000002 1.000000 0.000000 0.000000
-0.000000 -0.000000 1.000000 -0.000000
-0.000002 -0.925549 0.045525 1.000000
BoneName: mixamorig:Spine
BoneIndex: 1
BoneParentIndex: 40
BoneChildrenCount: 1
41
1.000000 0.000000 -0.000000 0.000000
0.000000 1.000000 -0.000000 0.000000
-0.000000 -0.000000 1.000000 -0.000000
0.000000 0.000000 -0.000000 1.000000
0.999999 -0.001449 -0.000213 0.000000
0.001452 0.999847 0.017413 0.000000
0.000187 -0.017414 0.999848 -0.000000
-0.001490 -1.034039 0.039960 1.000000
BoneName: mixamorig:Spine1
BoneIndex: 2
BoneParentIndex: 42
BoneChildrenCount: 1
43
1.000000 0.000000 -0.000000 0.000000
0.000000 1.000000 -0.000000 0.000000
-0.000000 -0.000000 1.000000 -0.000000
0.000000 0.000000 -0.000000 1.000000
0.999999 -0.001661 -0.000096 0.000000
0.001650 0.997517 -0.070403 0.000000
0.000213 0.070403 0.997519 -0.000000
-0.001719 -1.156671 0.142021 1.000000
BoneName: mixamorig:Spine2
BoneIndex: 3
BoneParentIndex: 44
BoneChildrenCount: 3
4
45
53
1.000000 0.000000 -0.000000 0.000000
0.000000 1.000000 -0.000000 0.000000
-0.000000 -0.000000 1.000000 -0.000000
0.000000 0.000000 -0.000000 1.000000
1.000000 0.000000 0.000000 0.000000
-0.000000 1.000000 -0.000000 0.000000
-0.000000 -0.000000 1.000000 -0.000000
0.000406 -1.293683 0.051068 1.000000
BoneName: mixamorig:Neck
BoneIndex: 4
BoneParentIndex: 3
BoneChildrenCount: 1
5
1.000000 0.000000 -0.000000 0.000000
0.000000 1.000000 -0.000000 0.000000
-0.000000 -0.000000 1.000000 -0.000000
-0.000119 0.246707 -0.020281 1.000000
1.000000 0.000000 0.000000 0.000000
-0.000000 1.000000 -0.000000 0.000000
-0.000000 -0.000000 1.000000 -0.000000
0.000525 -1.540389 0.071349 1.000000
BoneName: mixamorig:Head
BoneIndex: 5
BoneParentIndex: 4
BoneChildrenCount: 1
6
1.000000 0.000000 -0.000000 0.000000
0.000000 1.000000 -0.000000 0.000000
-0.000000 -0.000000 1.000000 -0.000000
-0.000000 0.088173 -0.061026 1.000000
1.000000 0.000000 0.000000 0.000000
-0.000000 1.000000 -0.000000 0.000000
-0.000000 -0.000000 1.000000 -0.000000
0.000525 -1.628563 0.132375 1.000000
BoneName: mixamorig:HeadTop_End
BoneIndex: 6
BoneParentIndex: 5
BoneChildrenCount: 0
1.000000 0.000000 -0.000000 0.000000
0.000000 1.000000 -0.000000 0.000000
-0.000000 -0.000000 1.000000 -0.000000
0.000000 0.204939 0.002825 1.000000
1.000000 0.000000 0.000000 0.000000
-0.000000 1.000000 -0.000000 0.000000
-0.000000 -0.000000 1.000000 -0.000000
0.000525 -1.833502 0.129550 1.000000
BoneName: mixamorig:LeftShoulder
BoneIndex: 7
BoneParentIndex: 46
BoneChildrenCount: 1
47
1.000000 0.000000 -0.000000 0.000000
0.000000 1.000000 -0.000000 0.000000
-0.000000 -0.000000 1.000000 -0.000000
0.000000 0.000000 -0.000000 1.000000
-0.051512 0.992098 -0.114404 0.000000
0.000000 0.114556 0.993417 0.000000
0.998672 0.051173 -0.005901 -0.000000
0.003692 -0.261043 -1.433872 1.000000
BoneName: mixamorig:LeftArm
BoneIndex: 8
BoneParentIndex: 49
BoneChildrenCount: 1
50
1.000000 0.000000 -0.000000 0.000000
0.000000 1.000000 -0.000000 0.000000
-0.000000 -0.000000 1.000000 -0.000000
0.000000 0.000000 -0.000000 1.000000
-0.055236 0.998473 0.000003 0.000000
0.000000 -0.000003 1.000000 0.000000
0.998473 0.055236 0.000000 -0.000000
0.004714 -0.274213 -1.474998 1.000000
BoneName: mixamorig:LeftForeArm
BoneIndex: 9
BoneParentIndex: 52
BoneChildrenCount: 1
10
1.000000 0.000000 -0.000000 0.000000
0.000000 1.000000 -0.000000 0.000000
-0.000000 -0.000000 1.000000 -0.000000
0.000000 0.000000 -0.000000 1.000000
0.000001 1.000000 -0.000013 0.000000
0.000000 0.000013 1.000000 0.000000
1.000000 -0.000001 0.000000 -0.000000
-0.025031 -0.537827 -1.474989 1.000000
BoneName: mixamorig:LeftHand
BoneIndex: 10
BoneParentIndex: 9
BoneChildrenCount: 0
1.000000 0.000000 -0.000000 0.000000
0.000000 1.000000 -0.000000 0.000000
-0.000000 -0.000000 1.000000 -0.000000
-0.000000 0.267534 0.000000 1.000000
0.000001 1.000000 -0.000013 0.000000
0.000000 0.000013 1.000000 0.000000
1.000000 -0.000001 0.000000 -0.000000
-0.025031 -0.805361 -1.474989 1.000000
BoneName: mixamorig:RightShoulder
BoneIndex: 11
BoneParentIndex: 55
BoneChildrenCount: 1
56
1.000000 0.000000 -0.000000 0.000000
0.000000 1.000000 -0.000000 0.000000
-0.000000 -0.000000 1.000000 -0.000000
0.000000 0.000000 -0.000000 1.000000
-0.051746 -0.992026 0.114925 0.000000
0.000000 0.115079 0.993356 0.000000
-0.998660 0.051402 -0.005955 -0.000000
-0.003756 -0.262602 -1.433641 1.000000
BoneName: mixamorig:RightArm
BoneIndex: 12
BoneParentIndex: 58
BoneChildrenCount: 1
59
1.000000 0.000000 -0.000000 0.000000
0.000000 1.000000 -0.000000 0.000000
-0.000000 -0.000000 1.000000 -0.000000
0.000000 0.000000 -0.000000 1.000000
-0.055236 -0.998473 -0.000010 0.000000
0.000000 -0.000010 1.000000 0.000000
-0.998473 0.055236 0.000001 -0.000000
-0.004714 -0.274203 -1.475002 1.000000
BoneName: mixamorig:RightForeArm
BoneIndex: 13
BoneParentIndex: 61
BoneChildrenCount: 1
14
1.000000 0.000000 -0.000000 0.000000
0.000000 1.000000 -0.000000 0.000000
-0.000000 -0.000000 1.000000 -0.000000
0.000000 0.000000 -0.000000 1.000000
0.000001 -1.000000 0.000013 0.000000
0.000000 0.000013 1.000000 0.000000
-1.000000 -0.000001 0.000000 -0.000000
0.025030 -0.537827 -1.474989 1.000000
BoneName: mixamorig:RightHand
BoneIndex: 14
BoneParentIndex: 13
BoneChildrenCount: 3
62
67
70
1.000000 0.000000 -0.000000 0.000000
0.000000 1.000000 -0.000000 0.000000
-0.000000 -0.000000 1.000000 -0.000000
-0.000000 0.267534 0.000000 1.000000
0.000001 -1.000000 0.000013 0.000000
0.000000 0.000013 1.000000 0.000000
-1.000000 -0.000001 0.000000 -0.000000
0.025030 -0.805361 -1.474989 1.000000
BoneName: mixamorig:RightHandIndex1
BoneIndex: 15
BoneParentIndex: 63
BoneChildrenCount: 1
16
1.000000 0.000000 -0.000000 0.000000
0.000000 1.000000 -0.000000 0.000000
-0.000000 -0.000000 1.000000 -0.000000
0.000000 0.000000 -0.000000 1.000000
0.000000 -1.000000 -0.000000 0.000000
0.000000 -0.000000 1.000000 0.000000
-1.000000 -0.000000 -0.000000 -0.000000
-0.061512 -0.989820 -1.489799 1.000000
BoneName: mixamorig:RightHandIndex2
BoneIndex: 16
BoneParentIndex: 15
BoneChildrenCount: 1
64
1.000000 0.000000 -0.000000 0.000000
0.000000 1.000000 -0.000000 0.000000
-0.000000 -0.000000 1.000000 -0.000000
-0.000000 0.075144 -0.000000 1.000000
0.000000 -1.000000 -0.000000 0.000000
-0.000000 -0.000000 1.000000 0.000000
-1.000000 -0.000000 -0.000000 -0.000000
-0.061512 -1.064963 -1.489799 1.000000
BoneName: mixamorig:RightHandIndex3
BoneIndex: 17
BoneParentIndex: 66
BoneChildrenCount: 1
18
1.000000 0.000000 -0.000000 0.000000
0.000000 1.000000 -0.000000 0.000000
-0.000000 -0.000000 1.000000 -0.000000
0.000000 0.000000 -0.000000 1.000000
0.030581 -0.995433 -0.090428 0.000000
0.000000 -0.090470 0.995899 0.000000
-0.999532 -0.030455 -0.002767 -0.000000
-0.026626 -1.001743 -1.586935 1.000000
BoneName: mixamorig:RightHandIndex4
BoneIndex: 18
BoneParentIndex: 17
BoneChildrenCount: 0
1.000000 0.000000 -0.000000 0.000000
0.000000 1.000000 -0.000000 0.000000
-0.000000 -0.000000 1.000000 -0.000000
-0.000000 0.067697 -0.000000 1.000000
0.030581 -0.995433 -0.090428 0.000000
0.000000 -0.090470 0.995899 0.000000
-0.999532 -0.030455 -0.002767 -0.000000
-0.026626 -1.069440 -1.586935 1.000000
BoneName: mixamorig:RightHandPinky1
BoneIndex: 19
BoneParentIndex: 69
BoneChildrenCount: 1
20
1.000000 0.000000 -0.000000 0.000000
0.000000 1.000000 -0.000000 0.000000
-0.000000 -0.000000 1.000000 -0.000000
0.000000 0.000000 -0.000000 1.000000
-0.000000 -1.000000 0.000000 0.000000
1.000000 -0.000000 0.000001 0.000000
-0.000001 0.000000 1.000000 -0.000000
-1.470222 -0.980420 -0.125062 1.000000
BoneName: mixamorig:RightHandPinky2
BoneIndex: 20
BoneParentIndex: 19
BoneChildrenCount: 1
21
1.000000 0.000000 -0.000000 0.000000
0.000000 1.000000 -0.000000 0.000000
-0.000000 -0.000000 1.000000 -0.000000
-0.000000 0.070442 -0.000000 1.000000
-0.000000 -1.000000 0.000000 0.000000
1.000000 -0.000000 0.000001 0.000000
-0.000001 0.000000 1.000000 -0.000000
-1.470222 -1.050862 -0.125062 1.000000
BoneName: mixamorig:RightHandPinky3
BoneIndex: 21
BoneParentIndex: 20
BoneChildrenCount: 1
22
1.000000 0.000000 -0.000000 0.000000
0.000000 1.000000 -0.000000 0.000000
-0.000000 -0.000000 1.000000 -0.000000
-0.000000 0.070789 -0.000000 1.000000
-0.000000 -1.000000 0.000000 0.000000
1.000000 -0.000000 0.000001 0.000000
-0.000001 0.000000 1.000000 -0.000000
-1.470222 -1.121651 -0.125062 1.000000
BoneName: mixamorig:RightHandPinky4
BoneIndex: 22
BoneParentIndex: 21
BoneChildrenCount: 0
1.000000 0.000000 -0.000000 0.000000
0.000000 1.000000 -0.000000 0.000000
-0.000000 -0.000000 1.000000 -0.000000
-0.000000 0.070930 -0.000000 1.000000
-0.000000 -1.000000 0.000000 0.000000
1.000000 -0.000000 0.000001 0.000000
-0.000001 0.000000 1.000000 -0.000000
-1.470222 -1.192580 -0.125062 1.000000
BoneName: mixamorig:RightHandThumb1
BoneIndex: 23
BoneParentIndex: 72
BoneChildrenCount: 1
73
1.000000 0.000000 -0.000000 0.000000
0.000000 1.000000 -0.000000 0.000000
-0.000000 -0.000000 1.000000 -0.000000
0.000000 0.000000 -0.000000 1.000000
0.688556 -0.630444 -0.358372 0.000000
0.094550 -0.411916 0.906303 0.000000
-0.718993 -0.657925 -0.224018 -0.000000
0.410108 0.041741 -1.602243 1.000000
BoneName: mixamorig:RightHandThumb2
BoneIndex: 24
BoneParentIndex: 75
BoneChildrenCount: 1
76
1.000000 0.000000 -0.000000 0.000000
0.000000 1.000000 -0.000000 0.000000
-0.000000 -0.000000 1.000000 -0.000000
0.000000 0.000000 -0.000000 1.000000
0.525999 -0.798325 -0.293262 0.000000
-0.007397 -0.349099 0.937057 0.000000
-0.850453 -0.490722 -0.189531 -0.000000
0.391980 -0.282970 -1.582915 1.000000
BoneName: mixamorig:RightHandThumb3
BoneIndex: 25
BoneParentIndex: 78
BoneChildrenCount: 1
26
1.000000 0.000000 -0.000000 0.000000
0.000000 1.000000 -0.000000 0.000000
-0.000000 -0.000000 1.000000 -0.000000
0.000000 0.000000 -0.000000 1.000000
0.411263 -0.888525 -0.203438 0.000000
-0.070250 -0.253418 0.964803 0.000000
-0.908806 -0.382496 -0.166641 -0.000000
0.358106 -0.568898 -1.530613 1.000000
BoneName: mixamorig:RightHandThumb4
BoneIndex: 26
BoneParentIndex: 25
BoneChildrenCount: 0
1.000000 0.000000 -0.000000 0.000000
0.000000 1.000000 -0.000000 0.000000
-0.000000 -0.000000 1.000000 -0.000000
0.000000 0.080253 -0.000000 1.000000
0.411263 -0.888525 -0.203438 0.000000
-0.070250 -0.253418 0.964803 0.000000
-0.908806 -0.382496 -0.166641 -0.000000
0.358106 -0.649150 -1.530614 1.000000
BoneName: mixamorig:LeftUpLeg
BoneIndex: 27
BoneParentIndex: 81
BoneChildrenCount: 1
82
1.000000 0.000000 -0.000000 0.000000
0.000000 1.000000 -0.000000 0.000000
-0.000000 -0.000000 1.000000 -0.000000
0.000000 0.000000 -0.000000 1.000000
-1.000000 0.000001 0.000000 0.000000
-0.000001 -0.999151 -0.041209 0.000000
0.000000 -0.041209 0.999151 -0.000000
0.136560 0.851541 0.081983 1.000000
BoneName: mixamorig:LeftLeg
BoneIndex: 28
BoneParentIndex: 84
BoneChildrenCount: 1
85
1.000000 0.000000 -0.000000 0.000000
0.000000 1.000000 -0.000000 0.000000
-0.000000 -0.000000 1.000000 -0.000000
0.000000 0.000000 -0.000000 1.000000
-1.000000 -0.000000 0.000000 0.000000
0.000000 -0.997037 0.076919 0.000000
0.000000 0.076919 0.997037 -0.000000
0.136560 0.498279 0.023378 1.000000
BoneName: mixamorig:LeftFoot
BoneIndex: 29
BoneParentIndex: 87
BoneChildrenCount: 1
88
1.000000 0.000000 -0.000000 0.000000
0.000000 1.000000 -0.000000 0.000000
-0.000000 -0.000000 1.000000 -0.000000
0.000000 0.000000 -0.000000 1.000000
-1.000000 -0.000000 0.000002 0.000000
-0.000001 -0.713683 -0.700469 0.000000
0.000001 -0.700469 0.713683 -0.000000
0.136560 0.083796 0.131522 1.000000
BoneName: mixamorig:LeftToeBase
BoneIndex: 30
BoneParentIndex: 89
BoneChildrenCount: 1
31
1.000000 0.000000 -0.000000 0.000000
0.000000 1.000000 -0.000000 0.000000
-0.000000 -0.000000 1.000000 -0.000000
0.000000 0.000000 -0.000000 1.000000
-1.000000 0.000000 0.000002 0.000000
-0.000002 0.000000 -1.000000 0.000000
-0.000000 -1.000000 -0.000000 -0.000000
0.136560 -0.184285 0.000002 1.000000
BoneName: mixamorig:LeftToe_End
BoneIndex: 31
BoneParentIndex: 30
BoneChildrenCount: 0
1.000000 0.000000 -0.000000 0.000000
0.000000 1.000000 -0.000000 0.000000
-0.000000 -0.000000 1.000000 -0.000000
-0.000000 0.168838 -0.000000 1.000000
-1.000000 0.000000 0.000002 0.000000
-0.000002 0.000000 -1.000000 0.000000
-0.000000 -1.000000 -0.000000 -0.000000
0.136560 -0.353123 0.000002 1.000000
BoneName: mixamorig:RightUpLeg
BoneIndex: 32
BoneParentIndex: 92
BoneChildrenCount: 1
93
1.000000 0.000000 -0.000000 0.000000
0.000000 1.000000 -0.000000 0.000000
-0.000000 -0.000000 1.000000 -0.000000
0.000000 0.000000 -0.000000 1.000000
-1.000000 -0.000001 0.000000 0.000000
0.000001 -0.999151 -0.041209 0.000000
0.000000 -0.041209 0.999151 -0.000000
-0.136560 0.851541 0.081983 1.000000
BoneName: mixamorig:RightLeg
BoneIndex: 33
BoneParentIndex: 95
BoneChildrenCount: 1
96
1.000000 0.000000 -0.000000 0.000000
0.000000 1.000000 -0.000000 0.000000
-0.000000 -0.000000 1.000000 -0.000000
0.000000 0.000000 -0.000000 1.000000
-1.000000 0.000000 0.000000 0.000000
-0.000000 -0.997037 0.076919 0.000000
0.000000 0.076919 0.997037 -0.000000
-0.136560 0.498279 0.023378 1.000000
BoneName: mixamorig:RightFoot
BoneIndex: 34
BoneParentIndex: 98
BoneChildrenCount: 1
99
1.000000 0.000000 -0.000000 0.000000
0.000000 1.000000 -0.000000 0.000000
-0.000000 -0.000000 1.000000 -0.000000
0.000000 0.000000 -0.000000 1.000000
-1.000000 0.000000 0.000002 0.000000
-0.000001 -0.713683 -0.700469 0.000000
0.000001 -0.700469 0.713683 -0.000000
-0.136560 0.083796 0.131523 1.000000
BoneName: mixamorig:RightToeBase
BoneIndex: 35
BoneParentIndex: 100
BoneChildrenCount: 1
36
1.000000 0.000000 -0.000000 0.000000
0.000000 1.000000 -0.000000 0.000000
-0.000000 -0.000000 1.000000 -0.000000
0.000000 0.000000 -0.000000 1.000000
-1.000000 -0.000000 0.000002 0.000000
-0.000002 -0.000000 -1.000000 0.000000
0.000000 -1.000000 0.000000 -0.000000
-0.136560 -0.184285 0.000002 1.000000
BoneName: mixamorig:RightToe_End
BoneIndex: 36
BoneParentIndex: 35
BoneChildrenCount: 0
1.000000 0.000000 -0.000000 0.000000
0.000000 1.000000 -0.000000 0.000000
-0.000000 -0.000000 1.000000 -0.000000
-0.000000 0.168838 0.000000 1.000000
-1.000000 -0.000000 0.000002 0.000000
-0.000002 -0.000000 -1.000000 0.000000
0.000000 -1.000000 0.000000 -0.000000
-0.136560 -0.353123 0.000002 1.000000
BoneName: RootNode
BoneIndex: 37
BoneParentIndex: -1
BoneChildrenCount: 2
38
0
1.000000 0.000000 -0.000000 0.000000
0.000000 1.000000 -0.000000 0.000000
-0.000000 -0.000000 1.000000 -0.000000
0.000000 0.000000 -0.000000 1.000000
1.000000 0.000000 0.000000 0.000000
0.000000 1.000000 0.000000 0.000000
0.000000 0.000000 1.000000 0.000000
0.000000 0.000000 0.000000 1.000000
BoneName: MutantMesh
BoneIndex: 38
BoneParentIndex: 37
BoneChildrenCount: 0
1.000000 0.000000 -0.000000 0.000000
0.000000 1.000000 -0.000000 0.000000
-0.000000 -0.000000 1.000000 -0.000000
0.000000 0.000000 -0.000000 1.000000
1.000000 0.000000 0.000000 0.000000
0.000000 1.000000 0.000000 0.000000
0.000000 0.000000 1.000000 0.000000
0.000000 0.000000 0.000000 1.000000
BoneName: mixamorig:Spine_$AssimpFbx$_Translation
BoneIndex: 39
BoneParentIndex: 0
BoneChildrenCount: 1
40
1.000000 0.000000 -0.000000 0.000000
0.000000 1.000000 -0.000000 0.000000
-0.000000 -0.000000 1.000000 -0.000000
0.000000 0.107639 -0.012435 1.000000
1.000000 0.000000 0.000000 0.000000
0.000000 1.000000 0.000000 0.000000
0.000000 0.000000 1.000000 0.000000
0.000000 0.000000 0.000000 1.000000
BoneName: mixamorig:Spine_$AssimpFbx$_PreRotation
BoneIndex: 40
BoneParentIndex: 39
BoneChildrenCount: 1
1
0.999999 0.001451 0.000187 0.000000
-0.001447 0.999847 -0.017414 0.000000
-0.000213 0.017413 0.999848 -0.000000
0.000000 0.000000 -0.000000 1.000000
1.000000 0.000000 0.000000 0.000000
0.000000 1.000000 0.000000 0.000000
0.000000 0.000000 1.000000 0.000000
0.000000 0.000000 0.000000 1.000000
BoneName: mixamorig:Spine1_$AssimpFbx$_Translation
BoneIndex: 41
BoneParentIndex: 1
BoneChildrenCount: 1
42
1.000000 0.000000 -0.000000 0.000000
0.000000 1.000000 -0.000000 0.000000
-0.000000 -0.000000 1.000000 -0.000000
0.000000 0.130633 0.000000 1.000000
1.000000 0.000000 0.000000 0.000000
0.000000 1.000000 0.000000 0.000000
0.000000 0.000000 1.000000 0.000000
0.000000 0.000000 0.000000 1.000000
BoneName: mixamorig:Spine1_$AssimpFbx$_PreRotation
BoneIndex: 42
BoneParentIndex: 41
BoneChildrenCount: 1
2
1.000000 0.000198 0.000029 0.000000
-0.000199 0.996141 0.087763 0.000000
-0.000012 -0.087763 0.996141 -0.000000
0.000000 0.000000 -0.000000 1.000000
1.000000 0.000000 0.000000 0.000000
0.000000 1.000000 0.000000 0.000000
0.000000 0.000000 1.000000 0.000000
0.000000 0.000000 0.000000 1.000000
BoneName: mixamorig:Spine2_$AssimpFbx$_Translation
BoneIndex: 43
BoneParentIndex: 2
BoneChildrenCount: 1
44
1.000000 0.000000 -0.000000 0.000000
0.000000 1.000000 -0.000000 0.000000
-0.000000 -0.000000 1.000000 -0.000000
-0.000000 0.130205 0.000000 1.000000
1.000000 0.000000 0.000000 0.000000
0.000000 1.000000 0.000000 0.000000
0.000000 0.000000 1.000000 0.000000
0.000000 0.000000 0.000000 1.000000
BoneName: mixamorig:Spine2_$AssimpFbx$_PreRotation
BoneIndex: 44
BoneParentIndex: 43
BoneChildrenCount: 1
3
0.999999 -0.001661 -0.000096 0.000000
0.001650 0.997517 -0.070403 0.000000
0.000213 0.070403 0.997519 -0.000000
0.000000 0.000000 -0.000000 1.000000
1.000000 0.000000 0.000000 0.000000
0.000000 1.000000 0.000000 0.000000
0.000000 0.000000 1.000000 0.000000
0.000000 0.000000 0.000000 1.000000
BoneName: mixamorig:LeftShoulder_$AssimpFbx$_Translation
BoneIndex: 45
BoneParentIndex: 3
BoneChildrenCount: 1
46
1.000000 0.000000 -0.000000 0.000000
0.000000 1.000000 -0.000000 0.000000
-0.000000 -0.000000 1.000000 -0.000000
0.095536 0.160654 0.052278 1.000000
1.000000 0.000000 0.000000 0.000000
0.000000 1.000000 0.000000 0.000000
0.000000 0.000000 1.000000 0.000000
0.000000 0.000000 0.000000 1.000000
BoneName: mixamorig:LeftShoulder_$AssimpFbx$_PreRotation
BoneIndex: 46
BoneParentIndex: 45
BoneChildrenCount: 1
7
-0.051512 0.000000 0.998672 0.000000
0.992098 0.114556 0.051173 0.000000
-0.114404 0.993417 -0.005901 -0.000000
0.000000 0.000000 -0.000000 1.000000
1.000000 0.000000 0.000000 0.000000
0.000000 1.000000 0.000000 0.000000
0.000000 0.000000 1.000000 0.000000
0.000000 0.000000 0.000000 1.000000
BoneName: mixamorig:LeftArm_$AssimpFbx$_Translation
BoneIndex: 47
BoneParentIndex: 7
BoneChildrenCount: 1
48
1.000000 0.000000 -0.000000 0.000000
0.000000 1.000000 -0.000000 0.000000
-0.000000 -0.000000 1.000000 -0.000000
-0.000000 0.180355 0.000000 1.000000
1.000000 0.000000 0.000000 0.000000
0.000000 1.000000 0.000000 0.000000
0.000000 0.000000 1.000000 0.000000
0.000000 0.000000 0.000000 1.000000
BoneName: mixamorig:LeftArm_$AssimpFbx$_PreRotation
BoneIndex: 48
BoneParentIndex: 47
BoneChildrenCount: 1
49
0.999993 -0.003705 0.000427 0.000000
0.003729 0.993410 -0.114558 0.000000
-0.000000 0.114559 0.993416 -0.000000
0.000000 0.000000 -0.000000 1.000000
1.000000 0.000000 0.000000 0.000000
0.000000 1.000000 0.000000 0.000000
0.000000 0.000000 1.000000 0.000000
0.000000 0.000000 0.000000 1.000000
BoneName: mixamorig:LeftArm_$AssimpFbx$_Rotation
BoneIndex: 49
BoneParentIndex: 48
BoneChildrenCount: 1
8
1.000000 0.000000 -0.000000 0.000000
0.000000 1.000000 -0.000000 0.000000
-0.000000 -0.000000 1.000000 -0.000000
0.000000 0.000000 -0.000000 1.000000
1.000000 0.000000 0.000000 0.000000
0.000000 1.000000 0.000000 0.000000
0.000000 0.000000 1.000000 0.000000
0.000000 0.000000 0.000000 1.000000
BoneName: mixamorig:LeftForeArm_$AssimpFbx$_Translation
BoneIndex: 50
BoneParentIndex: 8
BoneChildrenCount: 1
51
1.000000 0.000000 -0.000000 0.000000
0.000000 1.000000 -0.000000 0.000000
-0.000000 -0.000000 1.000000 -0.000000
0.000000 0.264151 0.000000 1.000000
1.000000 0.000000 0.000000 0.000000
0.000000 1.000000 0.000000 0.000000
0.000000 0.000000 1.000000 0.000000
0.000000 0.000000 0.000000 1.000000
BoneName: mixamorig:LeftForeArm_$AssimpFbx$_PreRotation
BoneIndex: 51
BoneParentIndex: 50
BoneChildrenCount: 1
52
0.998473 0.055237 0.000000 0.000000
-0.055237 0.998473 0.000017 0.000000
0.000001 -0.000017 1.000000 -0.000000
0.000000 0.000000 -0.000000 1.000000
1.000000 0.000000 0.000000 0.000000
0.000000 1.000000 0.000000 0.000000
0.000000 0.000000 1.000000 0.000000
0.000000 0.000000 0.000000 1.000000
BoneName: mixamorig:LeftForeArm_$AssimpFbx$_Rotation
BoneIndex: 52
BoneParentIndex: 51
BoneChildrenCount: 1
9
1.000000 0.000000 -0.000000 0.000000
0.000000 1.000000 -0.000000 0.000000
-0.000000 -0.000000 1.000000 -0.000000
0.000000 0.000000 -0.000000 1.000000
1.000000 0.000000 0.000000 0.000000
0.000000 1.000000 0.000000 0.000000
0.000000 0.000000 1.000000 0.000000
0.000000 0.000000 0.000000 1.000000
BoneName: mixamorig:RightShoulder_$AssimpFbx$_Translation
BoneIndex: 53
BoneParentIndex: 3
BoneChildrenCount: 1
54
1.000000 0.000000 -0.000000 0.000000
0.000000 1.000000 -0.000000 0.000000
-0.000000 -0.000000 1.000000 -0.000000
-0.095536 0.160654 0.052278 1.000000
1.000000 0.000000 0.000000 0.000000
0.000000 1.000000 0.000000 0.000000
0.000000 0.000000 1.000000 0.000000
0.000000 0.000000 0.000000 1.000000
BoneName: mixamorig:RightShoulder_$AssimpFbx$_PreRotation
BoneIndex: 54
BoneParentIndex: 53
BoneChildrenCount: 1
55
-0.051746 0.000000 -0.998660 0.000000
-0.992025 0.115079 0.051402 0.000000
0.114925 0.993356 -0.005955 -0.000000
0.000000 0.000000 -0.000000 1.000000
1.000000 0.000000 0.000000 0.000000
0.000000 1.000000 0.000000 0.000000
0.000000 0.000000 1.000000 0.000000
0.000000 0.000000 0.000000 1.000000
BoneName: mixamorig:RightShoulder_$AssimpFbx$_Rotation
BoneIndex: 55
BoneParentIndex: 54
BoneChildrenCount: 1
11
1.000000 0.000000 -0.000000 0.000000
0.000000 1.000000 -0.000000 0.000000
-0.000000 -0.000000 1.000000 -0.000000
0.000000 0.000000 -0.000000 1.000000
1.000000 0.000000 0.000000 0.000000
0.000000 1.000000 0.000000 0.000000
0.000000 0.000000 1.000000 0.000000
0.000000 0.000000 0.000000 1.000000
BoneName: mixamorig:RightArm_$AssimpFbx$_Translation
BoneIndex: 56
BoneParentIndex: 11
BoneChildrenCount: 1
57
1.000000 0.000000 -0.000000 0.000000
0.000000 1.000000 -0.000000 0.000000
-0.000000 -0.000000 1.000000 -0.000000
0.000000 0.179551 -0.000000 1.000000
1.000000 0.000000 0.000000 0.000000
0.000000 1.000000 0.000000 0.000000
0.000000 0.000000 1.000000 0.000000
0.000000 0.000000 0.000000 1.000000
BoneName: mixamorig:RightArm_$AssimpFbx$_PreRotation
BoneIndex: 57
BoneParentIndex: 56
BoneChildrenCount: 1
58
0.999994 0.003472 -0.000402 0.000000
-0.003495 0.993349 -0.115089 0.000000
-0.000000 0.115090 0.993355 -0.000000
0.000000 0.000000 -0.000000 1.000000
1.000000 0.000000 0.000000 0.000000
0.000000 1.000000 0.000000 0.000000
0.000000 0.000000 1.000000 0.000000
0.000000 0.000000 0.000000 1.000000
BoneName: mixamorig:RightArm_$AssimpFbx$_Rotation
BoneIndex: 58
BoneParentIndex: 57
BoneChildrenCount: 1
12
1.000000 0.000000 -0.000000 0.000000
0.000000 1.000000 -0.000000 0.000000
-0.000000 -0.000000 1.000000 -0.000000
0.000000 0.000000 -0.000000 1.000000
1.000000 0.000000 0.000000 0.000000
0.000000 1.000000 0.000000 0.000000
0.000000 0.000000 1.000000 0.000000
0.000000 0.000000 0.000000 1.000000
BoneName: mixamorig:RightForeArm_$AssimpFbx$_Translation
BoneIndex: 59
BoneParentIndex: 12
BoneChildrenCount: 1
60
1.000000 0.000000 -0.000000 0.000000
0.000000 1.000000 -0.000000 0.000000
-0.000000 -0.000000 1.000000 -0.000000
0.000000 0.264151 -0.000000 1.000000
1.000000 0.000000 0.000000 0.000000
0.000000 1.000000 0.000000 0.000000
0.000000 0.000000 1.000000 0.000000
0.000000 0.000000 0.000000 1.000000
BoneName: mixamorig:RightForeArm_$AssimpFbx$_PreRotation
BoneIndex: 60
BoneParentIndex: 59
BoneChildrenCount: 1
61
0.998473 -0.055237 -0.000001 0.000000
0.055237 0.998473 0.000023 0.000000
-0.000001 -0.000023 1.000000 -0.000000
0.000000 0.000000 -0.000000 1.000000
1.000000 0.000000 0.000000 0.000000
0.000000 1.000000 0.000000 0.000000
0.000000 0.000000 1.000000 0.000000
0.000000 0.000000 0.000000 1.000000
BoneName: mixamorig:RightForeArm_$AssimpFbx$_Rotation
BoneIndex: 61
BoneParentIndex: 60
BoneChildrenCount: 1
13
1.000000 0.000000 -0.000000 0.000000
0.000000 1.000000 -0.000000 0.000000
-0.000000 -0.000000 1.000000 -0.000000
0.000000 0.000000 -0.000000 1.000000
1.000000 0.000000 0.000000 0.000000
0.000000 1.000000 0.000000 0.000000
0.000000 0.000000 1.000000 0.000000
0.000000 0.000000 0.000000 1.000000
BoneName: mixamorig:RightHandIndex1_$AssimpFbx$_Translation
BoneIndex: 62
BoneParentIndex: 14
BoneChildrenCount: 1
63
1.000000 0.000000 -0.000000 0.000000
0.000000 1.000000 -0.000000 0.000000
-0.000000 -0.000000 1.000000 -0.000000
0.086542 0.184478 0.014796 1.000000
1.000000 0.000000 0.000000 0.000000
0.000000 1.000000 0.000000 0.000000
0.000000 0.000000 1.000000 0.000000
0.000000 0.000000 0.000000 1.000000
BoneName: mixamorig:RightHandIndex1_$AssimpFbx$_PreRotation
BoneIndex: 63
BoneParentIndex: 62
BoneChildrenCount: 1
15
1.000000 0.000001 0.000000 0.000000
-0.000001 1.000000 -0.000013 0.000000
-0.000000 0.000013 1.000000 -0.000000
0.000000 0.000000 -0.000000 1.000000
1.000000 0.000000 0.000000 0.000000
0.000000 1.000000 0.000000 0.000000
0.000000 0.000000 1.000000 0.000000
0.000000 0.000000 0.000000 1.000000
BoneName: mixamorig:RightHandIndex3_$AssimpFbx$_Translation
BoneIndex: 64
BoneParentIndex: 16
BoneChildrenCount: 1
65
1.000000 0.000000 -0.000000 0.000000
0.000000 1.000000 -0.000000 0.000000
-0.000000 -0.000000 1.000000 -0.000000
-0.000000 0.074894 -0.000000 1.000000
1.000000 0.000000 0.000000 0.000000
0.000000 1.000000 0.000000 0.000000
0.000000 0.000000 1.000000 0.000000
0.000000 0.000000 0.000000 1.000000
BoneName: mixamorig:RightHandIndex3_$AssimpFbx$_PreRotation
BoneIndex: 65
BoneParentIndex: 64
BoneChildrenCount: 1
66
0.999532 -0.030581 -0.000000 0.000000
0.030455 0.995433 -0.090470 0.000000
0.002767 0.090428 0.995899 -0.000000
0.000000 0.000000 -0.000000 1.000000
1.000000 0.000000 0.000000 0.000000
0.000000 1.000000 0.000000 0.000000
0.000000 0.000000 1.000000 0.000000
0.000000 0.000000 0.000000 1.000000
BoneName: mixamorig:RightHandIndex3_$AssimpFbx$_Rotation
BoneIndex: 66
BoneParentIndex: 65
BoneChildrenCount: 1
17
1.000000 0.000000 -0.000000 0.000000
0.000000 1.000000 -0.000000 0.000000
-0.000000 -0.000000 1.000000 -0.000000
0.000000 0.000000 -0.000000 1.000000
1.000000 0.000000 0.000000 0.000000
0.000000 1.000000 0.000000 0.000000
0.000000 0.000000 1.000000 0.000000
0.000000 0.000000 0.000000 1.000000
BoneName: mixamorig:RightHandPinky1_$AssimpFbx$_Translation
BoneIndex: 67
BoneParentIndex: 14
BoneChildrenCount: 1
68
1.000000 0.000000 -0.000000 0.000000
0.000000 1.000000 -0.000000 0.000000
-0.000000 -0.000000 1.000000 -0.000000
-0.100031 0.175078 -0.004780 1.000000
1.000000 0.000000 0.000000 0.000000
0.000000 1.000000 0.000000 0.000000
0.000000 0.000000 1.000000 0.000000
0.000000 0.000000 0.000000 1.000000
BoneName: mixamorig:RightHandPinky1_$AssimpFbx$_PreRotation
BoneIndex: 68
BoneParentIndex: 67
BoneChildrenCount: 1
69
0.000001 0.000013 1.000000 0.000000
-0.000001 1.000000 -0.000013 0.000000
-1.000000 -0.000001 0.000001 -0.000000
0.000000 0.000000 -0.000000 1.000000
1.000000 0.000000 0.000000 0.000000
0.000000 1.000000 0.000000 0.000000
0.000000 0.000000 1.000000 0.000000
0.000000 0.000000 0.000000 1.000000
BoneName: mixamorig:RightHandPinky1_$AssimpFbx$_Rotation
BoneIndex: 69
BoneParentIndex: 68
BoneChildrenCount: 1
19
1.000000 0.000000 -0.000000 0.000000
0.000000 1.000000 -0.000000 0.000000
-0.000000 -0.000000 1.000000 -0.000000
0.000000 0.000000 -0.000000 1.000000
1.000000 0.000000 0.000000 0.000000
0.000000 1.000000 0.000000 0.000000
0.000000 0.000000 1.000000 0.000000
0.000000 0.000000 0.000000 1.000000
BoneName: mixamorig:RightHandThumb1_$AssimpFbx$_Translation
BoneIndex: 70
BoneParentIndex: 14
BoneChildrenCount: 1
71
1.000000 0.000000 -0.000000 0.000000
0.000000 1.000000 -0.000000 0.000000
-0.000000 -0.000000 1.000000 -0.000000
0.061635 0.024923 -0.044464 1.000000
1.000000 0.000000 0.000000 0.000000
0.000000 1.000000 0.000000 0.000000
0.000000 0.000000 1.000000 0.000000
0.000000 0.000000 0.000000 1.000000
BoneName: mixamorig:RightHandThumb1_$AssimpFbx$_PreRotation
BoneIndex: 71
BoneParentIndex: 70
BoneChildrenCount: 1
72
0.718993 -0.688555 0.094559 0.000000
0.657925 0.630439 -0.411924 0.000000
0.224018 0.358384 0.906299 -0.000000
0.000000 0.000000 -0.000000 1.000000
1.000000 0.000000 0.000000 0.000000
0.000000 1.000000 0.000000 0.000000
0.000000 0.000000 1.000000 0.000000
0.000000 0.000000 0.000000 1.000000
BoneName: mixamorig:RightHandThumb1_$AssimpFbx$_Rotation
BoneIndex: 72
BoneParentIndex: 71
BoneChildrenCount: 1
23
1.000000 0.000000 -0.000000 0.000000
0.000000 1.000000 -0.000000 0.000000
-0.000000 -0.000000 1.000000 -0.000000
0.000000 0.000000 -0.000000 1.000000
1.000000 0.000000 0.000000 0.000000
0.000000 1.000000 0.000000 0.000000
0.000000 0.000000 1.000000 0.000000
0.000000 0.000000 0.000000 1.000000
BoneName: mixamorig:RightHandThumb2_$AssimpFbx$_Translation
BoneIndex: 73
BoneParentIndex: 23
BoneChildrenCount: 1
74
1.000000 0.000000 -0.000000 0.000000
0.000000 1.000000 -0.000000 0.000000
-0.000000 -0.000000 1.000000 -0.000000
0.000000 0.104730 -0.000000 1.000000
1.000000 0.000000 0.000000 0.000000
0.000000 1.000000 0.000000 0.000000
0.000000 0.000000 1.000000 0.000000
0.000000 0.000000 0.000000 1.000000
BoneName: mixamorig:RightHandThumb2_$AssimpFbx$_PreRotation
BoneIndex: 74
BoneParentIndex: 73
BoneChildrenCount: 1
75
0.972950 0.230968 -0.004690 0.000000
-0.229873 0.969957 0.079638 0.000000
0.022943 -0.076406 0.996813 -0.000000
0.000000 0.000000 -0.000000 1.000000
1.000000 0.000000 0.000000 0.000000
0.000000 1.000000 0.000000 0.000000
0.000000 0.000000 1.000000 0.000000
0.000000 0.000000 0.000000 1.000000
BoneName: mixamorig:RightHandThumb2_$AssimpFbx$_Rotation
BoneIndex: 75
BoneParentIndex: 74
BoneChildrenCount: 1
24
1.000000 0.000000 -0.000000 0.000000
0.000000 1.000000 -0.000000 0.000000
-0.000000 -0.000000 1.000000 -0.000000
0.000000 0.000000 -0.000000 1.000000
1.000000 0.000000 0.000000 0.000000
0.000000 1.000000 0.000000 0.000000
0.000000 0.000000 1.000000 0.000000
0.000000 0.000000 0.000000 1.000000
BoneName: mixamorig:RightHandThumb3_$AssimpFbx$_Translation
BoneIndex: 76
BoneParentIndex: 24
BoneChildrenCount: 1
77
1.000000 0.000000 -0.000000 0.000000
0.000000 1.000000 -0.000000 0.000000
-0.000000 -0.000000 1.000000 -0.000000
0.000000 0.084988 -0.000000 1.000000
1.000000 0.000000 0.000000 0.000000
0.000000 1.000000 0.000000 0.000000
0.000000 0.000000 1.000000 0.000000
0.000000 0.000000 0.000000 1.000000
BoneName: mixamorig:RightHandThumb3_$AssimpFbx$_PreRotation
BoneIndex: 77
BoneParentIndex: 76
BoneChildrenCount: 1
78
0.989740 0.142174 -0.014190 0.000000
-0.140194 0.985498 0.095598 0.000000
0.027576 -0.092628 0.995319 -0.000000
0.000000 0.000000 -0.000000 1.000000
1.000000 0.000000 0.000000 0.000000
0.000000 1.000000 0.000000 0.000000
0.000000 0.000000 1.000000 0.000000
0.000000 0.000000 0.000000 1.000000
BoneName: mixamorig:RightHandThumb3_$AssimpFbx$_Rotation
BoneIndex: 78
BoneParentIndex: 77
BoneChildrenCount: 1
25
1.000000 0.000000 -0.000000 0.000000
0.000000 1.000000 -0.000000 0.000000
-0.000000 -0.000000 1.000000 -0.000000
0.000000 0.000000 -0.000000 1.000000
1.000000 0.000000 0.000000 0.000000
0.000000 1.000000 0.000000 0.000000
0.000000 0.000000 1.000000 0.000000
0.000000 0.000000 0.000000 1.000000
BoneName: mixamorig:LeftUpLeg_$AssimpFbx$_Translation
BoneIndex: 79
BoneParentIndex: 0
BoneChildrenCount: 1
80
1.000000 0.000000 -0.000000 0.000000
0.000000 1.000000 -0.000000 0.000000
-0.000000 -0.000000 1.000000 -0.000000
0.136560 -0.071353 -0.001297 1.000000
1.000000 0.000000 0.000000 0.000000
0.000000 1.000000 0.000000 0.000000
0.000000 0.000000 1.000000 0.000000
0.000000 0.000000 0.000000 1.000000
BoneName: mixamorig:LeftUpLeg_$AssimpFbx$_PreRotation
BoneIndex: 80
BoneParentIndex: 79
BoneChildrenCount: 1
81
-1.000000 0.000001 -0.000000 0.000000
-0.000001 -0.999151 -0.041209 0.000000
-0.000000 -0.041209 0.999151 -0.000000
0.000000 0.000000 -0.000000 1.000000
1.000000 0.000000 0.000000 0.000000
0.000000 1.000000 0.000000 0.000000
0.000000 0.000000 1.000000 0.000000
0.000000 0.000000 0.000000 1.000000
BoneName: mixamorig:LeftUpLeg_$AssimpFbx$_Rotation
BoneIndex: 81
BoneParentIndex: 80
BoneChildrenCount: 1
27
1.000000 0.000000 -0.000000 0.000000
0.000000 1.000000 -0.000000 0.000000
-0.000000 -0.000000 1.000000 -0.000000
0.000000 0.000000 -0.000000 1.000000
1.000000 0.000000 0.000000 0.000000
0.000000 1.000000 0.000000 0.000000
0.000000 0.000000 1.000000 0.000000
0.000000 0.000000 0.000000 1.000000
BoneName: mixamorig:LeftLeg_$AssimpFbx$_Translation
BoneIndex: 82
BoneParentIndex: 27
BoneChildrenCount: 1
83
1.000000 0.000000 -0.000000 0.000000
0.000000 1.000000 -0.000000 0.000000
-0.000000 -0.000000 1.000000 -0.000000
0.000000 0.359497 0.000000 1.000000
1.000000 0.000000 0.000000 0.000000
0.000000 1.000000 0.000000 0.000000
0.000000 0.000000 1.000000 0.000000
0.000000 0.000000 0.000000 1.000000
BoneName: mixamorig:LeftLeg_$AssimpFbx$_PreRotation
BoneIndex: 83
BoneParentIndex: 82
BoneChildrenCount: 1
84
1.000000 -0.000001 -0.000000 0.000000
0.000001 0.993021 0.117941 0.000000
-0.000000 -0.117941 0.993021 -0.000000
0.000000 0.000000 -0.000000 1.000000
1.000000 0.000000 0.000000 0.000000
0.000000 1.000000 0.000000 0.000000
0.000000 0.000000 1.000000 0.000000
0.000000 0.000000 0.000000 1.000000
BoneName: mixamorig:LeftLeg_$AssimpFbx$_Rotation
BoneIndex: 84
BoneParentIndex: 83
BoneChildrenCount: 1
28
1.000000 0.000000 -0.000000 0.000000
0.000000 1.000000 -0.000000 0.000000
-0.000000 -0.000000 1.000000 -0.000000
0.000000 0.000000 -0.000000 1.000000
1.000000 0.000000 0.000000 0.000000
0.000000 1.000000 0.000000 0.000000
0.000000 0.000000 1.000000 0.000000
0.000000 0.000000 0.000000 1.000000
BoneName: mixamorig:LeftFoot_$AssimpFbx$_Translation
BoneIndex: 85
BoneParentIndex: 28
BoneChildrenCount: 1
86
1.000000 0.000000 -0.000000 0.000000
0.000000 1.000000 -0.000000 0.000000
-0.000000 -0.000000 1.000000 -0.000000
-0.000000 0.344093 0.000000 1.000000
1.000000 0.000000 0.000000 0.000000
0.000000 1.000000 0.000000 0.000000
0.000000 0.000000 1.000000 0.000000
0.000000 0.000000 0.000000 1.000000
BoneName: mixamorig:LeftFoot_$AssimpFbx$_PreRotation
BoneIndex: 86
BoneParentIndex: 85
BoneChildrenCount: 1
87
1.000000 0.000001 0.000001 0.000000
-0.000000 0.657688 -0.753290 0.000000
-0.000001 0.753290 0.657688 -0.000000
0.000000 0.000000 -0.000000 1.000000
1.000000 0.000000 0.000000 0.000000
0.000000 1.000000 0.000000 0.000000
0.000000 0.000000 1.000000 0.000000
0.000000 0.000000 0.000000 1.000000
BoneName: mixamorig:LeftFoot_$AssimpFbx$_Rotation
BoneIndex: 87
BoneParentIndex: 86
BoneChildrenCount: 1
29
1.000000 0.000000 -0.000000 0.000000
0.000000 1.000000 -0.000000 0.000000
-0.000000 -0.000000 1.000000 -0.000000
0.000000 0.000000 -0.000000 1.000000
1.000000 0.000000 0.000000 0.000000
0.000000 1.000000 0.000000 0.000000
0.000000 0.000000 1.000000 0.000000
0.000000 0.000000 0.000000 1.000000
BoneName: mixamorig:LeftToeBase_$AssimpFbx$_Translation
BoneIndex: 88
BoneParentIndex: 29
BoneChildrenCount: 1
89
1.000000 0.000000 -0.000000 0.000000
0.000000 1.000000 -0.000000 0.000000
-0.000000 -0.000000 1.000000 -0.000000
0.000000 0.212880 0.000000 1.000000
1.000000 0.000000 0.000000 0.000000
0.000000 1.000000 0.000000 0.000000
0.000000 0.000000 1.000000 0.000000
0.000000 0.000000 0.000000 1.000000
BoneName: mixamorig:LeftToeBase_$AssimpFbx$_PreRotation
BoneIndex: 89
BoneParentIndex: 88
BoneChildrenCount: 1
30
1.000000 0.000001 -0.000000 0.000000
-0.000001 0.700469 -0.713683 0.000000
-0.000001 0.713683 0.700469 -0.000000
0.000000 0.000000 -0.000000 1.000000
1.000000 0.000000 0.000000 0.000000
0.000000 1.000000 0.000000 0.000000
0.000000 0.000000 1.000000 0.000000
0.000000 0.000000 0.000000 1.000000
BoneName: mixamorig:RightUpLeg_$AssimpFbx$_Translation
BoneIndex: 90
BoneParentIndex: 0
BoneChildrenCount: 1
91
1.000000 0.000000 -0.000000 0.000000
0.000000 1.000000 -0.000000 0.000000
-0.000000 -0.000000 1.000000 -0.000000
-0.136560 -0.071352 -0.001297 1.000000
1.000000 0.000000 0.000000 0.000000
0.000000 1.000000 0.000000 0.000000
0.000000 0.000000 1.000000 0.000000
0.000000 0.000000 0.000000 1.000000
BoneName: mixamorig:RightUpLeg_$AssimpFbx$_PreRotation
BoneIndex: 91
BoneParentIndex: 90
BoneChildrenCount: 1
92
-1.000000 0.000003 -0.000000 0.000000
-0.000003 -0.999151 -0.041209 0.000000
-0.000000 -0.041209 0.999151 -0.000000
0.000000 0.000000 -0.000000 1.000000
1.000000 0.000000 0.000000 0.000000
0.000000 1.000000 0.000000 0.000000
0.000000 0.000000 1.000000 0.000000
0.000000 0.000000 0.000000 1.000000
BoneName: mixamorig:RightUpLeg_$AssimpFbx$_Rotation
BoneIndex: 92
BoneParentIndex: 91
BoneChildrenCount: 1
32
1.000000 0.000000 -0.000000 0.000000
0.000000 1.000000 -0.000000 0.000000
-0.000000 -0.000000 1.000000 -0.000000
0.000000 0.000000 -0.000000 1.000000
1.000000 0.000000 0.000000 0.000000
0.000000 1.000000 0.000000 0.000000
0.000000 0.000000 1.000000 0.000000
0.000000 0.000000 0.000000 1.000000
BoneName: mixamorig:RightLeg_$AssimpFbx$_Translation
BoneIndex: 93
BoneParentIndex: 32
BoneChildrenCount: 1
94
1.000000 0.000000 -0.000000 0.000000
0.000000 1.000000 -0.000000 0.000000
-0.000000 -0.000000 1.000000 -0.000000
0.000000 0.359497 0.000000 1.000000
1.000000 0.000000 0.000000 0.000000
0.000000 1.000000 0.000000 0.000000
0.000000 0.000000 1.000000 0.000000
0.000000 0.000000 0.000000 1.000000
BoneName: mixamorig:RightLeg_$AssimpFbx$_PreRotation
BoneIndex: 94
BoneParentIndex: 93
BoneChildrenCount: 1
95
1.000000 0.000001 0.000000 0.000000
-0.000001 0.993021 0.117941 0.000000
0.000000 -0.117941 0.993021 -0.000000
0.000000 0.000000 -0.000000 1.000000
1.000000 0.000000 0.000000 0.000000
0.000000 1.000000 0.000000 0.000000
0.000000 0.000000 1.000000 0.000000
0.000000 0.000000 0.000000 1.000000
BoneName: mixamorig:RightLeg_$AssimpFbx$_Rotation
BoneIndex: 95
BoneParentIndex: 94
BoneChildrenCount: 1
33
1.000000 0.000000 -0.000000 0.000000
0.000000 1.000000 -0.000000 0.000000
-0.000000 -0.000000 1.000000 -0.000000
0.000000 0.000000 -0.000000 1.000000
1.000000 0.000000 0.000000 0.000000
0.000000 1.000000 0.000000 0.000000
0.000000 0.000000 1.000000 0.000000
0.000000 0.000000 0.000000 1.000000
BoneName: mixamorig:RightFoot_$AssimpFbx$_Translation
BoneIndex: 96
BoneParentIndex: 33
BoneChildrenCount: 1
97
1.000000 0.000000 -0.000000 0.000000
0.000000 1.000000 -0.000000 0.000000
-0.000000 -0.000000 1.000000 -0.000000
-0.000000 0.344093 0.000000 1.000000
1.000000 0.000000 0.000000 0.000000
0.000000 1.000000 0.000000 0.000000
0.000000 0.000000 1.000000 0.000000
0.000000 0.000000 0.000000 1.000000
BoneName: mixamorig:RightFoot_$AssimpFbx$_PreRotation
BoneIndex: 97
BoneParentIndex: 96
BoneChildrenCount: 1
98
1.000000 0.000001 0.000001 0.000000
-0.000000 0.657688 -0.753290 0.000000
-0.000001 0.753290 0.657688 -0.000000
0.000000 0.000000 -0.000000 1.000000
1.000000 0.000000 0.000000 0.000000
0.000000 1.000000 0.000000 0.000000
0.000000 0.000000 1.000000 0.000000
0.000000 0.000000 0.000000 1.000000
BoneName: mixamorig:RightFoot_$AssimpFbx$_Rotation
BoneIndex: 98
BoneParentIndex: 97
BoneChildrenCount: 1
34
1.000000 0.000000 -0.000000 0.000000
0.000000 1.000000 -0.000000 0.000000
-0.000000 -0.000000 1.000000 -0.000000
0.000000 0.000000 -0.000000 1.000000
1.000000 0.000000 0.000000 0.000000
0.000000 1.000000 0.000000 0.000000
0.000000 0.000000 1.000000 0.000000
0.000000 0.000000 0.000000 1.000000
BoneName: mixamorig:RightToeBase_$AssimpFbx$_Translation
BoneIndex: 99
BoneParentIndex: 34
BoneChildrenCount: 1
100
1.000000 0.000000 -0.000000 0.000000
0.000000 1.000000 -0.000000 0.000000
-0.000000 -0.000000 1.000000 -0.000000
0.000000 0.212880 -0.000000 1.000000
1.000000 0.000000 0.000000 0.000000
0.000000 1.000000 0.000000 0.000000
0.000000 0.000000 1.000000 0.000000
