RootBone: 67
BoneCount: 189
BoneName: mixamorig:Hips
BoneIndex: 0
BoneParentIndex: 67
BoneChildrenCount: 3
68
161
173
1.000000 0.000000 -0.000000 0.000000
0.000000 1.000000 -0.000000 0.000000
-0.000000 -0.000000 1.000000 -0.000000
-0.000000 1.042259 -0.015542 1.000000
1.000000 0.000000 -0.000000 0.000000
0.000000 1.000000 -0.000000 0.000000
-0.000000 -0.000000 1.000000 -0.000000
0.000000 -1.042259 0.015542 1.000000
BoneName: mixamorig:Spine
BoneIndex: 1
BoneParentIndex: 70
BoneChildrenCount: 1
71
1.000000 0.000000 -0.000000 0.000000
0.000000 1.000000 -0.000000 0.000000
-0.000000 -0.000000 1.000000 -0.000000
0.000000 0.000000 -0.000000 1.000000
1.000000 0.000000 -0.000000 0.000000
0.000000 0.996418 -0.084567 0.000000
-0.000000 0.084567 0.996418 -0.000000
0.000000 -1.138662 0.112238 1.000000
BoneName: mixamorig:Spine1
BoneIndex: 2
BoneParentIndex: 73
BoneChildrenCount: 1
74
1.000000 0.000000 -0.000000 0.000000
0.000000 1.000000 -0.000000 0.000000
-0.000000 -0.000000 1.000000 -0.000000
0.000000 0.000000 -0.000000 1.000000
1.000000 0.000000 -0.000000 0.000000
0.000000 0.989241 -0.146294 0.000000
-0.000000 0.146294 0.989241 -0.000000
0.000000 -1.230626 0.189040 1.000000
BoneName: mixamorig:Spine2
BoneIndex: 3
BoneParentIndex: 76
BoneChildrenCount: 3
77
80
107
1.000000 0.000000 -0.000000 0.000000
0.000000 1.000000 -0.000000 0.000000
-0.000000 -0.000000 1.000000 -0.000000
0.000000 0.000000 -0.000000 1.000000
1.000000 0.000000 -0.000000 0.000000
0.000000 0.988670 -0.150107 0.000000
-0.000000 0.150107 0.988670 -0.000000
0.000000 -1.321918 0.194138 1.000000
BoneName: mixamorig:Neck
BoneIndex: 4
BoneParentIndex: 79
BoneChildrenCount: 1
5
1.000000 0.000000 -0.000000 0.000000
0.000000 1.000000 -0.000000 0.000000
-0.000000 -0.000000 1.000000 -0.000000
0.000000 0.000000 -0.000000 1.000000
1.000000 0.000000 -0.000000 0.000000
0.000000 0.999840 -0.017880 0.000000
-0.000000 0.017880 0.999840 -0.000000
0.000000 -1.503105 -0.004925 1.000000
BoneName: mixamorig:Head
BoneIndex: 5
BoneParentIndex: 4
BoneChildrenCount: 3
6
7
8
1.000000 0.000000 -0.000000 0.000000
0.000000 0.999960 0.008940 0.000000
-0.000000 -0.008940 0.999960 -0.000000
-0.000000 0.095895 -0.018398 1.000000
1.000000 0.000000 -0.000000 0.000000
0.000000 0.999640 -0.026818 0.000000
-0.000000 0.026818 0.999640 -0.000000
0.000000 -1.598815 0.027768 1.000000
BoneName: mixamorig:HeadTop_End
BoneIndex: 6
BoneParentIndex: 5
BoneChildrenCount: 0
1.000000 0.000000 -0.000000 0.000000
0.000000 1.000000 -0.000000 0.000000
-0.000000 -0.000000 1.000000 -0.000000
-0.000000 0.177712 -0.028718 1.000000
1.000000 0.000000 -0.000000 0.000000
0.000000 0.999640 -0.026818 0.000000
-0.000000 0.026818 0.999640 -0.000000
0.000000 -1.776527 0.056486 1.000000
BoneName: mixamorig:LeftEye
BoneIndex: 7
BoneParentIndex: 5
BoneChildrenCount: 0
1.000000 0.000000 -0.000000 0.000000
0.000000 1.000000 -0.000000 0.000000
-0.000000 -0.000000 1.000000 -0.000000
0.030741 0.062577 -0.093997 1.000000
1.000000 0.000000 -0.000000 0.000000
0.000000 0.999640 -0.026818 0.000000
-0.000000 0.026818 0.999640 -0.000000
-0.030741 -1.661392 0.121765 1.000000
BoneName: mixamorig:RightEye
BoneIndex: 8
BoneParentIndex: 5
BoneChildrenCount: 0
1.000000 0.000000 -0.000000 0.000000
0.000000 1.000000 -0.000000 0.000000
-0.000000 -0.000000 1.000000 -0.000000
-0.030610 0.062602 -0.093998 1.000000
1.000000 0.000000 -0.000000 0.000000
0.000000 0.999640 -0.026818 0.000000
-0.000000 0.026818 0.999640 -0.000000
0.030610 -1.661416 0.121766 1.000000
BoneName: mixamorig:LeftShoulder
BoneIndex: 9
BoneParentIndex: 82
BoneChildrenCount: 1
83
1.000000 0.000000 -0.000000 0.000000
0.000000 1.000000 -0.000000 0.000000
-0.000000 -0.000000 1.000000 -0.000000
0.000000 0.000000 -0.000000 1.000000
-0.206603 0.977071 0.051444 0.000000
0.016189 -0.049158 0.998660 0.000000
0.978291 0.207159 -0.005662 -0.000000
-0.046401 0.019524 -1.445595 1.000000
BoneName: mixamorig:LeftArm
BoneIndex: 10
BoneParentIndex: 85
BoneChildrenCount: 1
86
1.000000 0.000000 -0.000000 0.000000
0.000000 1.000000 -0.000000 0.000000
-0.000000 -0.000000 1.000000 -0.000000
0.000000 0.000000 -0.000000 1.000000
-0.001417 0.999992 0.003746 0.000000
-0.011736 -0.003762 0.999924 0.000000
0.999930 0.001373 0.011741 -0.000000
-0.038482 -0.146182 -1.441156 1.000000
BoneName: mixamorig:LeftForeArm
BoneIndex: 11
BoneParentIndex: 88
BoneChildrenCount: 1
12
1.000000 0.000000 -0.000000 0.000000
0.000000 1.000000 -0.000000 0.000000
-0.000000 -0.000000 1.000000 -0.000000
0.000000 0.000000 -0.000000 1.000000
0.008613 0.999951 -0.004864 0.000000
-0.012392 0.004970 0.999911 0.000000
0.999886 -0.008552 0.012434 -0.000000
-0.041848 -0.436573 -1.437474 1.000000
BoneName: mixamorig:LeftHand
BoneIndex: 12
BoneParentIndex: 11
BoneChildrenCount: 5
89
95
98
101
104
1.000000 0.000000 -0.000000 0.000000
0.000000 1.000000 -0.000000 0.000000
-0.000000 -0.000000 1.000000 -0.000000
0.000000 0.283351 -0.000000 1.000000
0.008613 0.999951 -0.004864 0.000000
-0.012392 0.004970 0.999911 0.000000
0.999886 -0.008552 0.012434 -0.000000
-0.041848 -0.719923 -1.437475 1.000000
BoneName: mixamorig:LeftHandThumb1
BoneIndex: 13
BoneParentIndex: 91
BoneChildrenCount: 1
14
1.000000 0.000000 -0.000000 0.000000
0.000000 1.000000 -0.000000 0.000000
-0.000000 -0.000000 1.000000 -0.000000
0.000000 0.000000 -0.000000 1.000000
0.461143 0.779680 0.423611 0.000000
-0.031214 -0.462853 0.885886 0.000000
0.886777 -0.421743 -0.189104 -0.000000
-0.321282 0.095961 -1.569021 1.000000
BoneName: mixamorig:LeftHandThumb2
BoneIndex: 14
BoneParentIndex: 13
BoneChildrenCount: 1
92
1.000000 0.000000 -0.000000 0.000000
0.000000 1.000000 -0.000000 0.000000
-0.000000 -0.000000 1.000000 -0.000000
-0.001546 0.041239 -0.000001 1.000000
0.461143 0.779680 0.423611 0.000000
-0.031214 -0.462853 0.885886 0.000000
0.886777 -0.421743 -0.189104 -0.000000
-0.319736 0.054722 -1.569020 1.000000
BoneName: mixamorig:LeftHandThumb3
BoneIndex: 15
BoneParentIndex: 94
BoneChildrenCount: 1
16
1.000000 0.000000 -0.000000 0.000000
0.000000 1.000000 -0.000000 0.000000
-0.000000 -0.000000 1.000000 -0.000000
0.000000 0.000000 -0.000000 1.000000
0.496517 0.757644 0.423611 0.000000
-0.052470 -0.460926 0.885886 0.000000
0.866440 -0.462084 -0.189104 -0.000000
-0.317908 0.034454 -1.569021 1.000000
BoneName: mixamorig:LeftHandThumb4
BoneIndex: 16
BoneParentIndex: 15
BoneChildrenCount: 0
1.000000 0.000000 -0.000000 0.000000
0.000000 1.000000 -0.000000 0.000000
-0.000000 -0.000000 1.000000 -0.000000
0.001189 0.025400 -0.000000 1.000000
0.496517 0.757644 0.423611 0.000000
-0.052470 -0.460926 0.885886 0.000000
0.866440 -0.462084 -0.189104 -0.000000
-0.319098 0.009053 -1.569021 1.000000
BoneName: mixamorig:LeftHandIndex1
BoneIndex: 17
BoneParentIndex: 97
BoneChildrenCount: 1
18
1.000000 0.000000 -0.000000 0.000000
0.000000 1.000000 -0.000000 0.000000
-0.000000 -0.000000 1.000000 -0.000000
0.000000 0.000000 -0.000000 1.000000
0.007894 0.999956 -0.005016 0.000000
-0.019701 0.005171 0.999793 0.000000
0.999775 -0.007793 0.019741 -0.000000
-0.010959 -0.811553 -1.431258 1.000000
BoneName: mixamorig:LeftHandIndex2
BoneIndex: 18
BoneParentIndex: 17
BoneChildrenCount: 1
19
1.000000 0.000000 -0.000000 0.000000
0.000000 1.000000 -0.000000 0.000000
-0.000000 -0.000000 1.000000 -0.000000
0.000034 0.036489 -0.000000 1.000000
0.007894 0.999956 -0.005015 0.000000
-0.019701 0.005170 0.999793 0.000000
0.999775 -0.007793 0.019741 -0.000000
-0.010993 -0.848041 -1.431259 1.000000
BoneName: mixamorig:LeftHandIndex3
BoneIndex: 19
BoneParentIndex: 18
BoneChildrenCount: 1
20
1.000000 0.000000 -0.000000 0.000000
0.000000 1.000000 -0.000000 0.000000
-0.000000 -0.000000 1.000000 -0.000000
0.000013 0.029150 0.000000 1.000000
0.007894 0.999956 -0.005015 0.000000
-0.019701 0.005170 0.999793 0.000000
0.999775 -0.007793 0.019741 -0.000000
-0.011006 -0.877190 -1.431259 1.000000
BoneName: mixamorig:LeftHandIndex4
BoneIndex: 20
BoneParentIndex: 19
BoneChildrenCount: 0
1.000000 0.000000 -0.000000 0.000000
0.000000 1.000000 -0.000000 0.000000
-0.000000 -0.000000 1.000000 -0.000000
-0.000047 0.023947 -0.000000 1.000000
0.007894 0.999956 -0.005015 0.000000
-0.019701 0.005170 0.999793 0.000000
0.999775 -0.007793 0.019741 -0.000000
-0.010959 -0.901137 -1.431259 1.000000
BoneName: mixamorig:LeftHandMiddle1
BoneIndex: 21
BoneParentIndex: 100
BoneChildrenCount: 1
22
1.000000 0.000000 -0.000000 0.000000
0.000000 1.000000 -0.000000 0.000000
-0.000000 -0.000000 1.000000 -0.000000
0.000000 0.000000 -0.000000 1.000000
-0.000328 0.999997 0.002270 0.000000
-0.020524 -0.002277 0.999787 0.000000
0.999789 0.000281 0.020525 -0.000000
-0.025651 -0.805401 -1.442790 1.000000
BoneName: mixamorig:LeftHandMiddle2
BoneIndex: 22
BoneParentIndex: 21
BoneChildrenCount: 1
23
1.000000 0.000000 -0.000000 0.000000
0.000000 1.000000 -0.000000 0.000000
-0.000000 -0.000000 1.000000 -0.000000
0.000047 0.036501 -0.000000 1.000000
-0.000328 0.999997 0.002271 0.000000
-0.020524 -0.002277 0.999787 0.000000
0.999789 0.000281 0.020525 -0.000000
-0.025698 -0.841900 -1.442791 1.000000
BoneName: mixamorig:LeftHandMiddle3
BoneIndex: 23
BoneParentIndex: 22
BoneChildrenCount: 1
24
1.000000 0.000000 -0.000000 0.000000
0.000000 1.000000 -0.000000 0.000000
-0.000000 -0.000000 1.000000 -0.000000
-0.000024 0.030224 -0.000000 1.000000
-0.000328 0.999997 0.002271 0.000000
-0.020523 -0.002277 0.999787 0.000000
0.999789 0.000281 0.020523 -0.000000
-0.025676 -0.872125 -1.442791 1.000000
BoneName: mixamorig:LeftHandMiddle4
BoneIndex: 24
BoneParentIndex: 23
BoneChildrenCount: 0
1.000000 0.000000 -0.000000 0.000000
0.000000 1.000000 -0.000000 0.000000
-0.000000 -0.000000 1.000000 -0.000000
-0.000023 0.027796 -0.000000 1.000000
-0.000328 0.999997 0.002271 0.000000
-0.020523 -0.002277 0.999787 0.000000
0.999789 0.000281 0.020523 -0.000000
-0.025653 -0.899921 -1.442791 1.000000
BoneName: mixamorig:LeftHandRing1
BoneIndex: 25
BoneParentIndex: 103
BoneChildrenCount: 1
26
1.000000 0.000000 -0.000000 0.000000
0.000000 1.000000 -0.000000 0.000000
-0.000000 -0.000000 1.000000 -0.000000
0.000000 0.000000 -0.000000 1.000000
0.003774 0.999967 -0.007221 0.000000
-0.020147 0.007295 0.999770 0.000000
0.999790 -0.003627 0.020174 -0.000000
-0.048151 -0.814584 -1.435049 1.000000
BoneName: mixamorig:LeftHandRing2
BoneIndex: 26
BoneParentIndex: 25
BoneChildrenCount: 1
27
1.000000 0.000000 -0.000000 0.000000
0.000000 1.000000 -0.000000 0.000000
-0.000000 -0.000000 1.000000 -0.000000
0.000001 0.031617 -0.000000 1.000000
0.003774 0.999967 -0.007220 0.000000
-0.020147 0.007295 0.999770 0.000000
0.999790 -0.003627 0.020174 -0.000000
-0.048152 -0.846201 -1.435049 1.000000
BoneName: mixamorig:LeftHandRing3
BoneIndex: 27
BoneParentIndex: 26
BoneChildrenCount: 1
28
1.000000 0.000000 -0.000000 0.000000
0.000000 1.000000 -0.000000 0.000000
-0.000000 -0.000000 1.000000 -0.000000
-0.000026 0.029213 0.000000 1.000000
0.003774 0.999967 -0.007220 0.000000
-0.020145 0.007295 0.999770 0.000000
0.999790 -0.003627 0.020172 -0.000000
-0.048128 -0.875413 -1.435049 1.000000
BoneName: mixamorig:LeftHandRing4
BoneIndex: 28
BoneParentIndex: 27
BoneChildrenCount: 0
1.000000 0.000000 -0.000000 0.000000
0.000000 1.000000 -0.000000 0.000000
-0.000000 -0.000000 1.000000 -0.000000
0.000023 0.026203 -0.000000 1.000000
0.003774 0.999967 -0.007220 0.000000
-0.020145 0.007295 0.999770 0.000000
0.999790 -0.003627 0.020172 -0.000000
-0.048151 -0.901616 -1.435049 1.000000
BoneName: mixamorig:LeftHandPinky1
BoneIndex: 29
BoneParentIndex: 106
BoneChildrenCount: 1
30
1.000000 0.000000 -0.000000 0.000000
0.000000 1.000000 -0.000000 0.000000
-0.000000 -0.000000 1.000000 -0.000000
0.000000 0.000000 -0.000000 1.000000
0.000089 0.999983 -0.005823 0.000000
-0.019831 0.005824 0.999786 0.000000
0.999803 0.000027 0.019831 -0.000000
-0.065138 -0.802457 -1.432177 1.000000
BoneName: mixamorig:LeftHandPinky2
BoneIndex: 30
BoneParentIndex: 29
BoneChildrenCount: 1
31
1.000000 0.000000 -0.000000 0.000000
0.000000 1.000000 -0.000000 0.000000
-0.000000 -0.000000 1.000000 -0.000000
-0.000001 0.035816 0.000000 1.000000
0.000089 0.999983 -0.005823 0.000000
-0.019830 0.005824 0.999786 0.000000
0.999803 0.000027 0.019830 -0.000000
-0.065137 -0.838274 -1.432178 1.000000
BoneName: mixamorig:LeftHandPinky3
BoneIndex: 31
BoneParentIndex: 30
BoneChildrenCount: 1
32
1.000000 0.000000 -0.000000 0.000000
0.000000 1.000000 -0.000000 0.000000
-0.000000 -0.000000 1.000000 -0.000000
-0.000001 0.021366 0.000000 1.000000
0.000089 0.999983 -0.005823 0.000000
-0.019830 0.005823 0.999786 0.000000
0.999803 0.000027 0.019830 -0.000000
-0.065137 -0.859639 -1.432178 1.000000
BoneName: mixamorig:LeftHandPinky4
BoneIndex: 32
BoneParentIndex: 31
BoneChildrenCount: 0
1.000000 0.000000 -0.000000 0.000000
0.000000 1.000000 -0.000000 0.000000
-0.000000 -0.000000 1.000000 -0.000000
0.000004 0.019467 -0.000000 1.000000
0.000089 0.999983 -0.005823 0.000000
-0.019830 0.005823 0.999786 0.000000
0.999803 0.000027 0.019830 -0.000000
-0.065140 -0.879105 -1.432178 1.000000
BoneName: mixamorig:RightShoulder
BoneIndex: 33
BoneParentIndex: 109
BoneChildrenCount: 1
110
1.000000 0.000000 -0.000000 0.000000
0.000000 1.000000 -0.000000 0.000000
-0.000000 -0.000000 1.000000 -0.000000
0.000000 0.000000 -0.000000 1.000000
-0.201616 -0.978189 -0.049978 0.000000
0.000000 -0.051026 0.998697 0.000000
-0.979465 0.201353 0.010288 -0.000000
0.023270 0.022370 -1.446113 1.000000
BoneName: mixamorig:RightArm
BoneIndex: 34
BoneParentIndex: 112
BoneChildrenCount: 1
113
1.000000 0.000000 -0.000000 0.000000
0.000000 1.000000 -0.000000 0.000000
-0.000000 -0.000000 1.000000 -0.000000
0.000000 0.000000 -0.000000 1.000000
0.003590 -0.999993 -0.001009 0.000000
0.006297 -0.000987 0.999980 0.000000
-0.999974 -0.003596 0.006293 -0.000000
0.046448 -0.150018 -1.440315 1.000000
BoneName: mixamorig:RightForeArm
BoneIndex: 35
BoneParentIndex: 115
BoneChildrenCount: 1
36
1.000000 0.000000 -0.000000 0.000000
0.000000 1.000000 -0.000000 0.000000
-0.000000 -0.000000 1.000000 -0.000000
0.000000 0.000000 -0.000000 1.000000
0.013642 -0.999907 0.000055 0.000000
0.006466 0.000144 0.999979 0.000000
-0.999886 -0.013641 0.006467 -0.000000
0.050523 -0.429481 -1.439865 1.000000
BoneName: mixamorig:RightHand
BoneIndex: 36
BoneParentIndex: 35
BoneChildrenCount: 5
116
125
134
143
152
1.000000 0.000000 -0.000000 0.000000
0.000000 1.000000 -0.000000 0.000000
-0.000000 -0.000000 1.000000 -0.000000
0.000000 0.283167 0.000000 1.000000
0.013642 -0.999907 0.000055 0.000000
0.006466 0.000144 0.999979 0.000000
-0.999886 -0.013641 0.006467 -0.000000
0.050523 -0.712648 -1.439865 1.000000
BoneName: mixamorig:RightHandThumb1
BoneIndex: 37
BoneParentIndex: 118
BoneChildrenCount: 1
119
1.000000 0.000000 -0.000000 0.000000
0.000000 1.000000 -0.000000 0.000000
-0.000000 -0.000000 1.000000 -0.000000
0.000000 0.000000 -0.000000 1.000000
0.323990 -0.785544 -0.527210 0.000000
0.269769 -0.457421 0.847343 0.000000
-0.906782 -0.416756 0.063716 -0.000000
-0.124199 0.081935 -1.597268 1.000000
BoneName: mixamorig:RightHandThumb2
BoneIndex: 38
BoneParentIndex: 121
BoneChildrenCount: 1
122
1.000000 0.000000 -0.000000 0.000000
0.000000 1.000000 -0.000000 0.000000
-0.000000 -0.000000 1.000000 -0.000000
0.000000 0.000000 -0.000000 1.000000
0.341803 -0.776593 -0.529221 0.000000
0.286388 -0.450276 0.845715 0.000000
-0.895071 -0.440630 0.068502 -0.000000
-0.136144 0.036335 -1.596543 1.000000
BoneName: mixamorig:RightHandThumb3
BoneIndex: 39
BoneParentIndex: 124
BoneChildrenCount: 1
40
1.000000 0.000000 -0.000000 0.000000
0.000000 1.000000 -0.000000 0.000000
-0.000000 -0.000000 1.000000 -0.000000
0.000000 0.000000 -0.000000 1.000000
0.448086 -0.720490 -0.529257 0.000000
0.347245 -0.405264 0.845684 0.000000
-0.823795 -0.562722 0.068593 -0.000000
-0.136341 -0.016756 -1.596529 1.000000
BoneName: mixamorig:RightHandThumb4
BoneIndex: 40
BoneParentIndex: 39
BoneChildrenCount: 0
1.000000 0.000000 -0.000000 0.000000
0.000000 1.000000 -0.000000 0.000000
-0.000000 -0.000000 1.000000 -0.000000
-0.003200 0.025031 0.000000 1.000000
0.448086 -0.720490 -0.529257 0.000000
0.347245 -0.405264 0.845684 0.000000
-0.823795 -0.562722 0.068593 -0.000000
-0.133142 -0.041787 -1.596529 1.000000
BoneName: mixamorig:RightHandIndex1
BoneIndex: 41
BoneParentIndex: 127
BoneChildrenCount: 1
128
1.000000 0.000000 -0.000000 0.000000
0.000000 1.000000 -0.000000 0.000000
-0.000000 -0.000000 1.000000 -0.000000
0.000000 0.000000 -0.000000 1.000000
0.015228 -0.999882 0.002184 0.000000
0.012963 0.002381 0.999913 0.000000
-0.999800 -0.015199 0.012997 -0.000000
0.019994 -0.806912 -1.433448 1.000000
BoneName: mixamorig:RightHandIndex2
BoneIndex: 42
BoneParentIndex: 130
BoneChildrenCount: 1
131
1.000000 0.000000 -0.000000 0.000000
0.000000 1.000000 -0.000000 0.000000
-0.000000 -0.000000 1.000000 -0.000000
0.000000 0.000000 -0.000000 1.000000
0.014635 -0.999891 0.002181 0.000000
0.012953 0.002371 0.999913 0.000000
-0.999809 -0.014605 0.012986 -0.000000
0.019515 -0.843879 -1.433450 1.000000
BoneName: mixamorig:RightHandIndex3
BoneIndex: 43
BoneParentIndex: 133
BoneChildrenCount: 1
44
1.000000 0.000000 -0.000000 0.000000
0.000000 1.000000 -0.000000 0.000000
-0.000000 -0.000000 1.000000 -0.000000
0.000000 0.000000 -0.000000 1.000000
0.015584 -0.999876 0.002184 0.000000
0.012953 0.002386 0.999913 0.000000
-0.999795 -0.015555 0.012988 -0.000000
0.020327 -0.872799 -1.433448 1.000000
BoneName: mixamorig:RightHandIndex4
BoneIndex: 44
BoneParentIndex: 43
BoneChildrenCount: 0
1.000000 0.000000 -0.000000 0.000000
0.000000 1.000000 -0.000000 0.000000
-0.000000 -0.000000 1.000000 -0.000000
-0.000012 0.023805 0.000000 1.000000
0.015584 -0.999876 0.002184 0.000000
0.012953 0.002386 0.999913 0.000000
-0.999795 -0.015555 0.012988 -0.000000
0.020339 -0.896604 -1.433448 1.000000
BoneName: mixamorig:RightHandMiddle1
BoneIndex: 45
BoneParentIndex: 136
BoneChildrenCount: 1
137
1.000000 0.000000 -0.000000 0.000000
0.000000 1.000000 -0.000000 0.000000
-0.000000 -0.000000 1.000000 -0.000000
0.000000 0.000000 -0.000000 1.000000
0.016048 -0.999871 0.000970 0.000000
0.013779 0.001191 0.999904 0.000000
-0.999776 -0.016033 0.013796 -0.000000
0.042000 -0.809453 -1.439917 1.000000
BoneName: mixamorig:RightHandMiddle2
BoneIndex: 46
BoneParentIndex: 139
BoneChildrenCount: 1
140
1.000000 0.000000 -0.000000 0.000000
0.000000 1.000000 -0.000000 0.000000
-0.000000 -0.000000 1.000000 -0.000000
0.000000 0.000000 -0.000000 1.000000
0.014282 -0.999898 0.000975 0.000000
0.013698 0.001170 0.999905 0.000000
-0.999804 -0.014268 0.013714 -0.000000
0.040635 -0.846909 -1.439911 1.000000
BoneName: mixamorig:RightHandMiddle3
BoneIndex: 47
BoneParentIndex: 142
BoneChildrenCount: 1
48
1.000000 0.000000 -0.000000 0.000000
0.000000 1.000000 -0.000000 0.000000
-0.000000 -0.000000 1.000000 -0.000000
0.000000 0.000000 -0.000000 1.000000
0.017267 -0.999850 0.000976 0.000000
0.013705 0.001212 0.999905 0.000000
-0.999757 -0.017252 0.013724 -0.000000
0.043197 -0.875620 -1.439910 1.000000
BoneName: mixamorig:RightHandMiddle4
BoneIndex: 48
BoneParentIndex: 47
BoneChildrenCount: 0
1.000000 0.000000 -0.000000 0.000000
0.000000 1.000000 -0.000000 0.000000
-0.000000 -0.000000 1.000000 -0.000000
-0.000044 0.028710 -0.000000 1.000000
0.017267 -0.999850 0.000976 0.000000
0.013705 0.001212 0.999905 0.000000
-0.999757 -0.017252 0.013724 -0.000000
0.043242 -0.904331 -1.439910 1.000000
BoneName: mixamorig:RightHandRing1
BoneIndex: 49
BoneParentIndex: 145
BoneChildrenCount: 1
146
1.000000 0.000000 -0.000000 0.000000
0.000000 1.000000 -0.000000 0.000000
-0.000000 -0.000000 1.000000 -0.000000
0.000000 0.000000 -0.000000 1.000000
0.011533 -0.999933 0.000383 0.000000
0.011242 0.000513 0.999937 0.000000
-0.999870 -0.011528 0.011248 -0.000000
0.060687 -0.804568 -1.440095 1.000000
BoneName: mixamorig:RightHandRing2
BoneIndex: 50
BoneParentIndex: 148
BoneChildrenCount: 1
149
1.000000 0.000000 -0.000000 0.000000
0.000000 1.000000 -0.000000 0.000000
-0.000000 -0.000000 1.000000 -0.000000
0.000000 0.000000 -0.000000 1.000000
0.010543 -0.999944 0.000389 0.000000
0.011237 0.000507 0.999937 0.000000
-0.999881 -0.010538 0.011242 -0.000000
0.059881 -0.835900 -1.440090 1.000000
BoneName: mixamorig:RightHandRing3
BoneIndex: 51
BoneParentIndex: 151
BoneChildrenCount: 1
52
1.000000 0.000000 -0.000000 0.000000
0.000000 1.000000 -0.000000 0.000000
-0.000000 -0.000000 1.000000 -0.000000
0.000000 0.000000 -0.000000 1.000000
0.011236 -0.999937 0.000385 0.000000
0.011248 0.000512 0.999937 0.000000
-0.999874 -0.011231 0.011253 -0.000000
0.060447 -0.865136 -1.440094 1.000000
BoneName: mixamorig:RightHandRing4
BoneIndex: 52
BoneParentIndex: 51
BoneChildrenCount: 0
1.000000 0.000000 -0.000000 0.000000
0.000000 1.000000 -0.000000 0.000000
-0.000000 -0.000000 1.000000 -0.000000
-0.000003 0.026577 0.000000 1.000000
0.011236 -0.999937 0.000385 0.000000
0.011248 0.000512 0.999937 0.000000
-0.999874 -0.011231 0.011253 -0.000000
0.060451 -0.891713 -1.440093 1.000000
BoneName: mixamorig:RightHandPinky1
BoneIndex: 53
BoneParentIndex: 154
BoneChildrenCount: 1
155
1.000000 0.000000 -0.000000 0.000000
0.000000 1.000000 -0.000000 0.000000
-0.000000 -0.000000 1.000000 -0.000000
0.000000 0.000000 -0.000000 1.000000
0.012374 -0.999919 0.003103 0.000000
0.013713 0.003273 0.999901 0.000000
-0.999829 -0.012330 0.013752 -0.000000
0.077326 -0.798292 -1.433887 1.000000
BoneName: mixamorig:RightHandPinky2
BoneIndex: 54
BoneParentIndex: 157
BoneChildrenCount: 1
158
1.000000 0.000000 -0.000000 0.000000
0.000000 1.000000 -0.000000 0.000000
-0.000000 -0.000000 1.000000 -0.000000
0.000000 0.000000 -0.000000 1.000000
0.012349 -0.999919 0.003099 0.000000
0.013712 0.003268 0.999901 0.000000
-0.999830 -0.012305 0.013751 -0.000000
0.077298 -0.834396 -1.433890 1.000000
BoneName: mixamorig:RightHandPinky3
BoneIndex: 55
BoneParentIndex: 160
BoneChildrenCount: 1
56
1.000000 0.000000 -0.000000 0.000000
0.000000 1.000000 -0.000000 0.000000
-0.000000 -0.000000 1.000000 -0.000000
0.000000 0.000000 -0.000000 1.000000
0.013613 -0.999903 0.003103 0.000000
0.013681 0.003289 0.999901 0.000000
-0.999814 -0.013569 0.013724 -0.000000
0.078412 -0.855467 -1.433885 1.000000
BoneName: mixamorig:RightHandPinky4
BoneIndex: 56
BoneParentIndex: 55
BoneChildrenCount: 0
1.000000 0.000000 -0.000000 0.000000
0.000000 1.000000 -0.000000 0.000000
-0.000000 -0.000000 1.000000 -0.000000
-0.000018 0.019931 0.000000 1.000000
0.013613 -0.999903 0.003103 0.000000
0.013681 0.003289 0.999901 0.000000
-0.999814 -0.013569 0.013724 -0.000000
0.078430 -0.875398 -1.433885 1.000000
BoneName: mixamorig:LeftUpLeg
BoneIndex: 57
BoneParentIndex: 163
BoneChildrenCount: 1
164
1.000000 0.000000 -0.000000 0.000000
0.000000 1.000000 -0.000000 0.000000
-0.000000 -0.000000 1.000000 -0.000000
0.000000 0.000000 -0.000000 1.000000
-1.000000 0.000000 0.000000 0.000000
-0.000000 -0.999851 -0.017270 0.000000
-0.000000 -0.017270 0.999851 -0.000000
0.082105 0.974637 0.016382 1.000000
BoneName: mixamorig:LeftLeg
BoneIndex: 58
BoneParentIndex: 166
BoneChildrenCount: 1
167
1.000000 0.000000 -0.000000 0.000000
0.000000 1.000000 -0.000000 0.000000
-0.000000 -0.000000 1.000000 -0.000000
0.000000 0.000000 -0.000000 1.000000
-1.000000 0.000000 -0.000000 0.000000
-0.000000 -0.997028 0.077045 0.000000
0.000000 0.077045 0.997028 -0.000000
0.082105 0.530195 -0.033741 1.000000
BoneName: mixamorig:LeftFoot
BoneIndex: 59
BoneParentIndex: 169
BoneChildrenCount: 1
170
1.000000 0.000000 -0.000000 0.000000
0.000000 1.000000 -0.000000 0.000000
-0.000000 -0.000000 1.000000 -0.000000
0.000000 0.000000 -0.000000 1.000000
-0.999984 0.005548 -0.000467 0.000000
-0.003159 -0.634399 -0.772999 0.000000
-0.004585 -0.772985 0.634407 -0.000000
0.082503 0.075697 0.050082 1.000000
BoneName: mixamorig:LeftToeBase
BoneIndex: 60
BoneParentIndex: 172
BoneChildrenCount: 1
61
1.000000 0.000000 -0.000000 0.000000
0.000000 1.000000 -0.000000 0.000000
-0.000000 -0.000000 1.000000 -0.000000
0.000000 0.000000 -0.000000 1.000000
-0.999983 -0.005760 0.001140 0.000000
-0.001136 -0.000609 -0.999999 0.000000
0.005760 -0.999983 0.000602 -0.000000
0.083319 -0.078417 -0.000058 1.000000
BoneName: mixamorig:LeftToe_End
BoneIndex: 61
BoneParentIndex: 60
BoneChildrenCount: 0
1.000000 0.000000 -0.000000 0.000000
0.000000 1.000000 -0.000000 0.000000
-0.000000 -0.000000 1.000000 -0.000000
-0.000000 0.092724 0.000000 1.000000
-0.999983 -0.005760 0.001140 0.000000
-0.001136 -0.000609 -0.999999 0.000000
0.005760 -0.999983 0.000602 -0.000000
0.083319 -0.171140 -0.000058 1.000000
BoneName: mixamorig:RightUpLeg
BoneIndex: 62
BoneParentIndex: 175
BoneChildrenCount: 1
176
1.000000 0.000000 -0.000000 0.000000
0.000000 1.000000 -0.000000 0.000000
-0.000000 -0.000000 1.000000 -0.000000
0.000000 0.000000 -0.000000 1.000000
-1.000000 0.000000 0.000000 0.000000
-0.000000 -0.999861 -0.016690 0.000000
-0.000000 -0.016690 0.999861 -0.000000
-0.082051 0.974581 0.015813 1.000000
BoneName: mixamorig:RightLeg
BoneIndex: 63
BoneParentIndex: 178
BoneChildrenCount: 1
179
1.000000 0.000000 -0.000000 0.000000
0.000000 1.000000 -0.000000 0.000000
-0.000000 -0.000000 1.000000 -0.000000
0.000000 0.000000 -0.000000 1.000000
-1.000000 0.000000 -0.000000 0.000000
-0.000000 -0.997158 0.075337 0.000000
0.000000 0.075337 0.997158 -0.000000
-0.082051 0.529988 -0.033069 1.000000
BoneName: mixamorig:RightFoot
BoneIndex: 64
BoneParentIndex: 181
BoneChildrenCount: 1
182
1.000000 0.000000 -0.000000 0.000000
0.000000 1.000000 -0.000000 0.000000
-0.000000 -0.000000 1.000000 -0.000000
0.000000 0.000000 -0.000000 1.000000
-0.999987 -0.005120 0.000590 0.000000
0.002800 -0.635777 -0.771868 0.000000
0.004327 -0.771856 0.635783 -0.000000
-0.082408 0.075353 0.050206 1.000000
BoneName: mixamorig:RightToeBase
BoneIndex: 65
BoneParentIndex: 184
BoneChildrenCount: 1
66
1.000000 0.000000 -0.000000 0.000000
0.000000 1.000000 -0.000000 0.000000
-0.000000 -0.000000 1.000000 -0.000000
0.000000 0.000000 -0.000000 1.000000
-0.999949 0.009932 -0.001600 0.000000
0.001614 0.001377 -0.999998 0.000000
-0.009930 -0.999950 -0.001393 -0.000000
-0.083535 -0.078410 -0.000528 1.000000
BoneName: mixamorig:RightToe_End
BoneIndex: 66
BoneParentIndex: 65
BoneChildrenCount: 0
1.000000 0.000000 -0.000000 0.000000
0.000000 1.000000 -0.000000 0.000000
-0.000000 -0.000000 1.000000 -0.000000
0.000000 0.092725 0.000000 1.000000
-0.999949 0.009932 -0.001600 0.000000
0.001614 0.001377 -0.999998 0.000000
-0.009930 -0.999950 -0.001393 -0.000000
-0.083535 -0.171135 -0.000528 1.000000
BoneName: RootNode
BoneIndex: 67
BoneParentIndex: -1
BoneChildrenCount: 5
0
185
186
187
188
1.000000 0.000000 -0.000000 0.000000
0.000000 1.000000 -0.000000 0.000000
-0.000000 -0.000000 1.000000 -0.000000
0.000000 0.000000 -0.000000 1.000000
1.000000 0.000000 0.000000 0.000000
0.000000 1.000000 0.000000 0.000000
0.000000 0.000000 1.000000 0.000000
0.000000 0.000000 0.000000 1.000000
BoneName: mixamorig:Spine_$AssimpFbx$_Translation
BoneIndex: 68
BoneParentIndex: 0
BoneChildrenCount: 1
69
1.000000 0.000000 -0.000000 0.000000
0.000000 1.000000 -0.000000 0.000000
-0.000000 -0.000000 1.000000 -0.000000
0.000000 0.101816 -0.000000 1.000000
1.000000 0.000000 0.000000 0.000000
0.000000 1.000000 0.000000 0.000000
0.000000 0.000000 1.000000 0.000000
0.000000 0.000000 0.000000 1.000000
BoneName: mixamorig:Spine_$AssimpFbx$_PreRotation
BoneIndex: 69
BoneParentIndex: 68
BoneChildrenCount: 1
70
1.000000 0.000000 -0.000000 0.000000
0.000000 0.996418 0.084567 0.000000
-0.000000 -0.084567 0.996418 -0.000000
0.000000 0.000000 -0.000000 1.000000
1.000000 0.000000 0.000000 0.000000
0.000000 1.000000 0.000000 0.000000
0.000000 0.000000 1.000000 0.000000
0.000000 0.000000 0.000000 1.000000
BoneName: mixamorig:Spine_$AssimpFbx$_Rotation
BoneIndex: 70
BoneParentIndex: 69
BoneChildrenCount: 1
1
1.000000 0.000000 -0.000000 0.000000
0.000000 1.000000 -0.000000 0.000000
-0.000000 -0.000000 1.000000 -0.000000
0.000000 0.000000 -0.000000 1.000000
1.000000 0.000000 0.000000 0.000000
0.000000 1.000000 0.000000 0.000000
0.000000 0.000000 1.000000 0.000000
0.000000 0.000000 0.000000 1.000000
BoneName: mixamorig:Spine1_$AssimpFbx$_Translation
BoneIndex: 71
BoneParentIndex: 1
BoneChildrenCount: 1
72
1.000000 0.000000 -0.000000 0.000000
0.000000 1.000000 -0.000000 0.000000
-0.000000 -0.000000 1.000000 -0.000000
0.000000 0.101330 0.000000 1.000000
1.000000 0.000000 0.000000 0.000000
0.000000 1.000000 0.000000 0.000000
0.000000 0.000000 1.000000 0.000000
0.000000 0.000000 0.000000 1.000000
BoneName: mixamorig:Spine1_$AssimpFbx$_PreRotation
BoneIndex: 72
BoneParentIndex: 71
BoneChildrenCount: 1
73
1.000000 0.000000 -0.000000 0.000000
0.000000 0.998069 0.062113 0.000000
-0.000000 -0.062113 0.998069 -0.000000
0.000000 0.000000 -0.000000 1.000000
1.000000 0.000000 0.000000 0.000000
0.000000 1.000000 0.000000 0.000000
0.000000 0.000000 1.000000 0.000000
0.000000 0.000000 0.000000 1.000000
BoneName: mixamorig:Spine1_$AssimpFbx$_Rotation
BoneIndex: 73
BoneParentIndex: 72
BoneChildrenCount: 1
2
1.000000 0.000000 -0.000000 0.000000
0.000000 1.000000 -0.000000 0.000000
-0.000000 -0.000000 1.000000 -0.000000
0.000000 0.000000 -0.000000 1.000000
1.000000 0.000000 0.000000 0.000000
0.000000 1.000000 0.000000 0.000000
0.000000 0.000000 1.000000 0.000000
0.000000 0.000000 0.000000 1.000000
BoneName: mixamorig:Spine2_$AssimpFbx$_Translation
BoneIndex: 74
BoneParentIndex: 2
BoneChildrenCount: 1
75
1.000000 0.000000 -0.000000 0.000000
0.000000 1.000000 -0.000000 0.000000
-0.000000 -0.000000 1.000000 -0.000000
0.000000 0.092031 -0.000000 1.000000
1.000000 0.000000 0.000000 0.000000
0.000000 1.000000 0.000000 0.000000
0.000000 0.000000 1.000000 0.000000
0.000000 0.000000 0.000000 1.000000
BoneName: mixamorig:Spine2_$AssimpFbx$_PreRotation
BoneIndex: 75
BoneParentIndex: 74
BoneChildrenCount: 1
76
1.000000 0.000000 -0.000000 0.000000
0.000000 0.999993 0.003855 0.000000
-0.000000 -0.003855 0.999993 -0.000000
0.000000 0.000000 -0.000000 1.000000
1.000000 0.000000 0.000000 0.000000
0.000000 1.000000 0.000000 0.000000
0.000000 0.000000 1.000000 0.000000
0.000000 0.000000 0.000000 1.000000
BoneName: mixamorig:Spine2_$AssimpFbx$_Rotation
BoneIndex: 76
BoneParentIndex: 75
BoneChildrenCount: 1
3
1.000000 0.000000 -0.000000 0.000000
0.000000 1.000000 -0.000000 0.000000
-0.000000 -0.000000 1.000000 -0.000000
0.000000 0.000000 -0.000000 1.000000
1.000000 0.000000 0.000000 0.000000
0.000000 1.000000 0.000000 0.000000
0.000000 0.000000 1.000000 0.000000
0.000000 0.000000 0.000000 1.000000
BoneName: mixamorig:Neck_$AssimpFbx$_Translation
BoneIndex: 77
BoneParentIndex: 3
BoneChildrenCount: 1
78
1.000000 0.000000 -0.000000 0.000000
0.000000 1.000000 -0.000000 0.000000
-0.000000 -0.000000 1.000000 -0.000000
0.000000 0.168605 0.000000 1.000000
1.000000 0.000000 0.000000 0.000000
0.000000 1.000000 0.000000 0.000000
0.000000 0.000000 1.000000 0.000000
0.000000 0.000000 0.000000 1.000000
BoneName: mixamorig:Neck_$AssimpFbx$_PreRotation
BoneIndex: 78
BoneParentIndex: 77
BoneChildrenCount: 1
79
1.000000 0.000000 -0.000000 0.000000
0.000000 0.991196 -0.132406 0.000000
-0.000000 0.132406 0.991196 -0.000000
0.000000 0.000000 -0.000000 1.000000
1.000000 0.000000 0.000000 0.000000
0.000000 1.000000 0.000000 0.000000
0.000000 0.000000 1.000000 0.000000
0.000000 0.000000 0.000000 1.000000
BoneName: mixamorig:Neck_$AssimpFbx$_Rotation
BoneIndex: 79
BoneParentIndex: 78
BoneChildrenCount: 1
4
1.000000 0.000000 -0.000000 0.000000
0.000000 1.000000 -0.000000 0.000000
-0.000000 -0.000000 1.000000 -0.000000
0.000000 0.000000 -0.000000 1.000000
1.000000 0.000000 0.000000 0.000000
0.000000 1.000000 0.000000 0.000000
0.000000 0.000000 1.000000 0.000000
0.000000 0.000000 0.000000 1.000000
BoneName: mixamorig:LeftShoulder_$AssimpFbx$_Translation
BoneIndex: 80
BoneParentIndex: 3
BoneChildrenCount: 1
81
1.000000 0.000000 -0.000000 0.000000
0.000000 1.000000 -0.000000 0.000000
-0.000000 -0.000000 1.000000 -0.000000
0.045704 0.112053 0.009967 1.000000
1.000000 0.000000 0.000000 0.000000
0.000000 1.000000 0.000000 0.000000
0.000000 0.000000 1.000000 0.000000
0.000000 0.000000 0.000000 1.000000
BoneName: mixamorig:LeftShoulder_$AssimpFbx$_PreRotation
BoneIndex: 81
BoneParentIndex: 80
BoneChildrenCount: 1
82
-0.206603 0.162854 0.964776 0.000000
0.977071 -0.017505 0.212191 0.000000
0.051445 0.986495 -0.155503 -0.000000
0.000000 0.000000 -0.000000 1.000000
1.000000 0.000000 0.000000 0.000000
0.000000 1.000000 0.000000 0.000000
0.000000 0.000000 1.000000 0.000000
0.000000 0.000000 0.000000 1.000000
BoneName: mixamorig:LeftShoulder_$AssimpFbx$_Rotation
BoneIndex: 82
BoneParentIndex: 81
BoneChildrenCount: 1
9
1.000000 0.000000 -0.000000 0.000000
0.000000 1.000000 -0.000000 0.000000
-0.000000 -0.000000 1.000000 -0.000000
0.000000 0.000000 -0.000000 1.000000
1.000000 0.000000 0.000000 0.000000
0.000000 1.000000 0.000000 0.000000
0.000000 0.000000 1.000000 0.000000
0.000000 0.000000 0.000000 1.000000
BoneName: mixamorig:LeftArm_$AssimpFbx$_Translation
BoneIndex: 83
BoneParentIndex: 9
BoneChildrenCount: 1
84
1.000000 0.000000 -0.000000 0.000000
0.000000 1.000000 -0.000000 0.000000
-0.000000 -0.000000 1.000000 -0.000000
-0.000000 0.108303 -0.000000 1.000000
1.000000 0.000000 0.000000 0.000000
0.000000 1.000000 0.000000 0.000000
0.000000 0.000000 1.000000 0.000000
0.000000 0.000000 0.000000 1.000000
BoneName: mixamorig:LeftArm_$AssimpFbx$_PreRotation
BoneIndex: 84
BoneParentIndex: 83
BoneChildrenCount: 1
85
0.978325 0.206337 -0.017454 0.000000
-0.205319 0.977533 0.047680 0.000000
0.026900 -0.043063 0.998710 -0.000000
0.000000 0.000000 -0.000000 1.000000
1.000000 0.000000 0.000000 0.000000
0.000000 1.000000 0.000000 0.000000
0.000000 0.000000 1.000000 0.000000
0.000000 0.000000 0.000000 1.000000
BoneName: mixamorig:LeftArm_$AssimpFbx$_Rotation
BoneIndex: 85
BoneParentIndex: 84
BoneChildrenCount: 1
10
1.000000 0.000000 -0.000000 0.000000
0.000000 1.000000 -0.000000 0.000000
-0.000000 -0.000000 1.000000 -0.000000
0.000000 0.000000 -0.000000 1.000000
1.000000 0.000000 0.000000 0.000000
0.000000 1.000000 0.000000 0.000000
0.000000 0.000000 1.000000 0.000000
0.000000 0.000000 0.000000 1.000000
BoneName: mixamorig:LeftForeArm_$AssimpFbx$_Translation
BoneIndex: 86
BoneParentIndex: 10
BoneChildrenCount: 1
87
1.000000 0.000000 -0.000000 0.000000
0.000000 1.000000 -0.000000 0.000000
-0.000000 -0.000000 1.000000 -0.000000
0.000000 0.278398 -0.000000 1.000000
1.000000 0.000000 0.000000 0.000000
0.000000 1.000000 0.000000 0.000000
0.000000 0.000000 1.000000 0.000000
0.000000 0.000000 0.000000 1.000000
BoneName: mixamorig:LeftForeArm_$AssimpFbx$_PreRotation
BoneIndex: 87
BoneParentIndex: 86
BoneChildrenCount: 1
88
0.999950 0.010033 -0.000619 0.000000
-0.010027 0.999913 0.008617 0.000000
0.000705 -0.008610 0.999963 -0.000000
0.000000 0.000000 -0.000000 1.000000
1.000000 0.000000 0.000000 0.000000
0.000000 1.000000 0.000000 0.000000
0.000000 0.000000 1.000000 0.000000
0.000000 0.000000 0.000000 1.000000
BoneName: mixamorig:LeftForeArm_$AssimpFbx$_Rotation
BoneIndex: 88
BoneParentIndex: 87
BoneChildrenCount: 1
11
1.000000 0.000000 -0.000000 0.000000
0.000000 1.000000 -0.000000 0.000000
-0.000000 -0.000000 1.000000 -0.000000
0.000000 0.000000 -0.000000 1.000000
1.000000 0.000000 0.000000 0.000000
0.000000 1.000000 0.000000 0.000000
0.000000 0.000000 1.000000 0.000000
0.000000 0.000000 0.000000 1.000000
BoneName: mixamorig:LeftHandThumb1_$AssimpFbx$_Translation
BoneIndex: 89
BoneParentIndex: 12
BoneChildrenCount: 1
90
1.000000 0.000000 -0.000000 0.000000
0.000000 1.000000 -0.000000 0.000000
-0.000000 -0.000000 1.000000 -0.000000
-0.024477 0.024868 -0.016475 1.000000
1.000000 0.000000 0.000000 0.000000
0.000000 1.000000 0.000000 0.000000
0.000000 0.000000 1.000000 0.000000
0.000000 0.000000 0.000000 1.000000
BoneName: mixamorig:LeftHandThumb1_$AssimpFbx$_PreRotation
BoneIndex: 90
BoneParentIndex: 89
BoneChildrenCount: 1
91
0.891034 0.453381 -0.022429 0.000000
-0.409243 0.780947 -0.471849 0.000000
-0.196412 0.429613 0.881394 -0.000000
0.000000 0.000000 -0.000000 1.000000
1.000000 0.000000 0.000000 0.000000
0.000000 1.000000 0.000000 0.000000
0.000000 0.000000 1.000000 0.000000
0.000000 0.000000 0.000000 1.000000
BoneName: mixamorig:LeftHandThumb1_$AssimpFbx$_Rotation
BoneIndex: 91
BoneParentIndex: 90
BoneChildrenCount: 1
13
1.000000 0.000000 -0.000000 0.000000
0.000000 1.000000 -0.000000 0.000000
-0.000000 -0.000000 1.000000 -0.000000
0.000000 0.000000 -0.000000 1.000000
1.000000 0.000000 0.000000 0.000000
0.000000 1.000000 0.000000 0.000000
0.000000 0.000000 1.000000 0.000000
0.000000 0.000000 0.000000 1.000000
BoneName: mixamorig:LeftHandThumb3_$AssimpFbx$_Translation
BoneIndex: 92
BoneParentIndex: 14
BoneChildrenCount: 1
93
1.000000 0.000000 -0.000000 0.000000
0.000000 1.000000 -0.000000 0.000000
-0.000000 -0.000000 1.000000 -0.000000
-0.000579 0.034927 -0.000000 1.000000
1.000000 0.000000 0.000000 0.000000
0.000000 1.000000 0.000000 0.000000
0.000000 0.000000 1.000000 0.000000
0.000000 0.000000 0.000000 1.000000
BoneName: mixamorig:LeftHandThumb3_$AssimpFbx$_PreRotation
BoneIndex: 93
BoneParentIndex: 92
BoneChildrenCount: 1
94
0.998942 0.045996 -0.000000 0.000000
-0.045996 0.998942 -0.000000 0.000000
-0.000000 -0.000000 1.000000 -0.000000
0.000000 0.000000 -0.000000 1.000000
1.000000 0.000000 0.000000 0.000000
0.000000 1.000000 0.000000 0.000000
0.000000 0.000000 1.000000 0.000000
0.000000 0.000000 0.000000 1.000000
BoneName: mixamorig:LeftHandThumb3_$AssimpFbx$_Rotation
BoneIndex: 94
BoneParentIndex: 93
BoneChildrenCount: 1
15
1.000000 0.000000 -0.000000 0.000000
0.000000 1.000000 -0.000000 0.000000
-0.000000 -0.000000 1.000000 -0.000000
0.000000 0.000000 -0.000000 1.000000
1.000000 0.000000 0.000000 0.000000
0.000000 1.000000 0.000000 0.000000
0.000000 0.000000 1.000000 0.000000
0.000000 0.000000 0.000000 1.000000
BoneName: mixamorig:LeftHandIndex1_$AssimpFbx$_Translation
BoneIndex: 95
BoneParentIndex: 12
BoneChildrenCount: 1
96
1.000000 0.000000 -0.000000 0.000000
0.000000 1.000000 -0.000000 0.000000
-0.000000 -0.000000 1.000000 -0.000000
-0.019818 0.091313 -0.006165 1.000000
1.000000 0.000000 0.000000 0.000000
0.000000 1.000000 0.000000 0.000000
0.000000 0.000000 1.000000 0.000000
0.000000 0.000000 0.000000 1.000000
BoneName: mixamorig:LeftHandIndex1_$AssimpFbx$_PreRotation
BoneIndex: 96
BoneParentIndex: 95
BoneChildrenCount: 1
97
0.999973 -0.000755 -0.007307 0.000000
0.000757 1.000000 0.000208 0.000000
0.007306 -0.000213 0.999973 -0.000000
0.000000 0.000000 -0.000000 1.000000
1.000000 0.000000 0.000000 0.000000
0.000000 1.000000 0.000000 0.000000
0.000000 0.000000 1.000000 0.000000
0.000000 0.000000 0.000000 1.000000
BoneName: mixamorig:LeftHandIndex1_$AssimpFbx$_Rotation
BoneIndex: 97
BoneParentIndex: 96
BoneChildrenCount: 1
17
1.000000 0.000000 -0.000000 0.000000
0.000000 1.000000 -0.000000 0.000000
-0.000000 -0.000000 1.000000 -0.000000
0.000000 0.000000 -0.000000 1.000000
1.000000 0.000000 0.000000 0.000000
0.000000 1.000000 0.000000 0.000000
0.000000 0.000000 1.000000 0.000000
0.000000 0.000000 0.000000 1.000000
BoneName: mixamorig:LeftHandMiddle1_$AssimpFbx$_Translation
BoneIndex: 98
BoneParentIndex: 12
BoneChildrenCount: 1
99
1.000000 0.000000 -0.000000 0.000000
0.000000 1.000000 -0.000000 0.000000
-0.000000 -0.000000 1.000000 -0.000000
0.002751 0.095386 -0.000725 1.000000
1.000000 0.000000 0.000000 0.000000
0.000000 1.000000 0.000000 0.000000
0.000000 0.000000 1.000000 0.000000
0.000000 0.000000 0.000000 1.000000
BoneName: mixamorig:LeftHandMiddle1_$AssimpFbx$_PreRotation
BoneIndex: 99
BoneParentIndex: 98
BoneChildrenCount: 1
100
0.999927 -0.008980 -0.008089 0.000000
0.008923 0.999935 -0.007139 0.000000
0.008153 0.007067 0.999942 -0.000000
0.000000 0.000000 -0.000000 1.000000
1.000000 0.000000 0.000000 0.000000
0.000000 1.000000 0.000000 0.000000
0.000000 0.000000 1.000000 0.000000
0.000000 0.000000 0.000000 1.000000
BoneName: mixamorig:LeftHandMiddle1_$AssimpFbx$_Rotation
BoneIndex: 100
BoneParentIndex: 99
BoneChildrenCount: 1
21
1.000000 0.000000 -0.000000 0.000000
0.000000 1.000000 -0.000000 0.000000
-0.000000 -0.000000 1.000000 -0.000000
0.000000 0.000000 -0.000000 1.000000
1.000000 0.000000 0.000000 0.000000
